58015,2021-04-01 10:16:00,30.5,1020.0,44,146,5.8,0.5,10496.5
58102,2021-04-01 10:16:00,22.3,1025.1,4,245,4.0,1.2,10083.8
58118,2021-04-01 10:16:00,16.7,1012.3,90,165,4.7,0.0,10077.9
58122,2021-04-01 10:16:00,31.2,1020.6,24,6,7.0,1.5,10351.2
58203,2021-04-01 10:16:00,17.0,1001.9,36,203,2.6,1.0,10111.5
58215,2021-04-01 10:16:00,7.6,1018.6,98,261,3.2,0.0,10494.9
58221,2021-04-01 10:16:00,0.3,1020.6,37,69,5.9,1.3,10166.1
58225,2021-04-01 10:16:00,31.4,1019.0,58,23,6.8,0.4,10241.2
58236,2021-04-01 10:16:00,4.9,1006.8,97,39,1.7,0.3,10120.2
58311,2021-04-01 10:16:00,33.5,1011.2,25,301,4.5,1.4,10083.8
58314,2021-04-01 10:16:00,1.6,1019.6,21,352,13.3,0.4,10142.5
58319,2021-04-01 10:16:00,12.6,1005.8,94,179,2.3,0.2,10255.0
58321,2021-04-01 10:16:00,0.8,1017.0,18,163,13.8,0.9,10042.1
58326,2021-04-01 10:16:00,32.5,1009.4,77,154,1.3,0.5,10060.8
58336,2021-04-01 10:16:00,0.4,1016.0,30,38,10.3,0.5,10232.7
58338,2021-04-01 10:16:00,31.1,1014.9,90,211,9.2,1.4,10467.5
58414,2021-04-01 10:16:00,21.6,1024.4,10,132,11.6,0.2,10097.0
58419,2021-04-01 10:16:00,11.7,1009.9,10,215,14.5,1.3,10152.7
58424,2021-04-01 10:16:00,30.0,1009.0,57,140,6.5,0.9,10002.3
58429,2021-04-01 10:16:00,22.0,1017.8,55,187,4.7,0.7,10176.1
58436,2021-04-01 10:16:00,26.3,1007.4,74,299,6.5,0.6,10116.7
58437,2021-04-01 10:16:00,13.3,1012.8,71,68,0.9,0.7,10391.9
58520,2021-04-01 10:16:00,24.7,1014.9,73,266,10.9,1.2,10423.4
58531,2021-04-01 10:16:00,6.8,1011.5,98,268,5.3,0.3,10098.6
54406,2021-04-01 10:16:00,32.8,1006.3,99,52,12.9,1.1,10286.9
54416,2021-04-01 10:16:00,19.4,1014.2,80,256,12.2,0.5,10052.3
54511,2021-04-01 10:16:00,28.1,1025.1,21,157,5.2,1.2,10345.0
58725,2021-04-01 10:16:00,0.8,1019.3,91,238,8.8,0.7,10437.3
58730,2021-04-01 10:16:00,8.6,1017.1,95,324,9.1,0.8,10117.8
58731,2021-04-01 10:16:00,30.5,1025.2,45,137,2.4,1.5,10475.9
58734,2021-04-01 10:16:00,25.5,1007.4,63,30,0.5,0.6,10172.4
58737,2021-04-01 10:16:00,27.0,1011.6,72,61,0.1,0.9,10493.5
58744,2021-04-01 10:16:00,24.0,1025.6,99,36,14.4,0.0,10036.7
58754,2021-04-01 10:16:00,31.0,1008.8,74,118,10.5,0.1,10028.0
58818,2021-04-01 10:16:00,0.0,1020.7,22,118,6.6,1.5,10222.8
58820,2021-04-01 10:16:00,22.6,1025.2,30,1,14.4,0.4,10144.9
58834,2021-04-01 10:16:00,25.6,1004.1,67,197,1.7,0.8,10307.7
58837,2021-04-01 10:16:00,29.7,1019.0,59,148,10.0,0.3,10266.4
58843,2021-04-01 10:16:00,30.7,1019.8,84,26,9.0,1.2,10266.6
58846,2021-04-01 10:16:00,33.0,1007.0,27,70,0.7,1.5,10025.3
58847,2021-04-01 10:16:00,10.4,1005.7,71,109,7.3,0.8,10430.3
58911,2021-04-01 10:16:00,19.0,1020.2,65,235,11.4,0.6,10429.0
58918,2021-04-01 10:16:00,29.2,1019.3,64,59,5.3,1.4,10029.1
58921,2021-04-01 10:16:00,3.5,1021.4,76,201,9.6,1.3,10219.6
58926,2021-04-01 10:16:00,2.1,1000.3,1,89,6.7,1.4,10133.9
58927,2021-04-01 10:16:00,25.2,1012.4,50,305,1.1,1.3,10133.6
58931,2021-04-01 10:16:00,9.7,1003.2,98,272,14.2,0.0,10092.4
58933,2021-04-01 10:16:00,6.0,1011.0,23,210,6.6,0.1,10177.3
58936,2021-04-01 10:16:00,17.8,1019.7,76,71,11.0,1.1,10105.1
58944,2021-04-01 10:16:00,33.1,1002.3,44,250,10.7,0.0,10171.2
59113,2021-04-01 10:16:00,17.9,1023.9,2,168,14.8,1.4,10485.8
59126,2021-04-01 10:16:00,27.5,1012.7,58,245,7.2,0.7,10301.4
59133,2021-04-01 10:16:00,31.0,1006.0,19,315,13.2,1.4,10167.3
59134,2021-04-01 10:16:00,27.0,1004.8,8,313,2.3,1.0,10183.4
59321,2021-04-01 10:16:00,32.2,1006.1,57,61,5.5,0.9,10286.1
52323,2021-04-01 10:16:00,21.0,1016.0,95,35,11.9,0.3,10496.1
52418,2021-04-01 10:16:00,25.1,1002.9,60,253,11.4,0.9,10094.7
52424,2021-04-01 10:16:00,1.9,1007.5,16,224,14.9,0.6,10254.3
52436,2021-04-01 10:16:00,29.2,1020.1,19,145,12.2,0.6,10097.2
52446,2021-04-01 10:16:00,19.9,1002.1,60,184,8.8,0.2,10472.9
52447,2021-04-01 10:16:00,14.4,1022.4,64,60,4.4,1.0,10221.2
52533,2021-04-01 10:16:00,14.4,1024.4,23,171,12.9,1.4,10355.5
52546,2021-04-01 10:16:00,22.2,1024.9,78,353,9.1,1.1,10424.0
52652,2021-04-01 10:16:00,34.2,1017.1,69,225,10.4,1.1,10296.5
52661,2021-04-01 10:16:00,8.5,1025.7,62,353,9.7,0.8,10383.0
52674,2021-04-01 10:16:00,14.8,1007.6,40,245,10.5,0.9,10096.0
52679,2021-04-01 10:16:00,17.4,1021.1,77,55,6.6,0.9,10082.0
52681,2021-04-01 10:16:00,27.5,1005.8,83,264,7.6,1.0,10054.0
52787,2021-04-01 10:16:00,26.6,1025.6,100,117,7.1,0.0,10279.9
52797,2021-04-01 10:16:00,5.4,1000.0,37,353,9.1,1.1,10369.8
52884,2021-04-01 10:16:00,21.2,1013.4,40,205,4.2,0.3,10244.7
52895,2021-04-01 10:16:00,5.1,1010.9,73,9,2.9,1.4,10284.2
52983,2021-04-01 10:16:00,7.0,1020.6,64,39,13.9,0.6,10198.1
52984,2021-04-01 10:16:00,4.5,1006.3,100,70,11.9,0.8,10477.7
52986,2021-04-01 10:16:00,3.7,1025.6,67,61,0.2,1.3,10317.3
52996,2021-04-01 10:16:00,31.8,1019.1,99,333,0.0,1.0,10377.0
53821,2021-04-01 10:16:00,24.6,1019.6,70,278,8.4,1.2,10411.6
53915,2021-04-01 10:16:00,8.8,1001.4,98,6,2.7,1.3,10219.7
53923,2021-04-01 10:16:00,27.0,1011.5,65,11,9.8,0.2,10173.7
56074,2021-04-01 10:16:00,22.4,1014.9,19,326,11.5,0.8,10357.9
56080,2021-04-01 10:16:00,24.5,1009.8,27,257,11.6,1.1,10197.3
56093,2021-04-01 10:16:00,16.7,1006.2,69,55,3.1,0.6,10336.4
56096,2021-04-01 10:16:00,15.5,1012.5,31,309,5.2,1.4,10020.6
57014,2021-04-01 10:16:00,20.8,1006.6,45,153,11.5,0.2,10184.2
57996,2021-04-01 10:16:00,22.8,1009.5,4,329,7.0,0.5,10255.9
59072,2021-04-01 10:16:00,11.4,1007.4,87,56,1.1,0.7,10149.2
59082,2021-04-01 10:16:00,22.6,1020.3,78,136,4.0,0.7,10177.4
59087,2021-04-01 10:16:00,20.7,1017.8,38,136,13.1,0.5,10083.4
59088,2021-04-01 10:16:00,20.8,1018.5,54,130,2.7,1.2,10037.8
59096,2021-04-01 10:16:00,18.7,1001.2,79,283,2.3,0.1,10489.7
59097,2021-04-01 10:16:00,1.0,1016.9,36,0,4.7,0.8,10260.2
59107,2021-04-01 10:16:00,12.7,1025.1,55,253,7.6,0.3,10326.0
59116,2021-04-01 10:16:00,32.8,1005.0,32,77,12.0,0.1,10215.1
59117,2021-04-01 10:16:00,15.4,1016.5,67,87,13.7,0.9,10439.1
59271,2021-04-01 10:16:00,1.6,1008.4,3,6,3.8,0.1,10418.3
59278,2021-04-01 10:16:00,28.4,1021.6,68,276,12.4,0.5,10478.3
59280,2021-04-01 10:16:00,9.9,1002.4,91,301,13.9,1.4,10128.7
59287,2021-04-01 10:16:00,29.7,1002.6,6,332,5.8,1.2,10213.5
59289,2021-04-01 10:16:00,17.5,1002.1,91,198,8.5,1.3,10452.0
59293,2021-04-01 10:16:00,12.4,1026.4,88,192,3.8,0.2,10259.6
59294,2021-04-01 10:16:00,19.9,1021.5,2,317,4.0,1.1,10232.5
59298,2021-04-01 10:16:00,31.7,1001.7,50,243,2.8,0.6,10336.8
59303,2021-04-01 10:16:00,33.9,1010.5,16,305,10.3,0.1,10070.8
59304,2021-04-01 10:16:00,30.9,1017.9,5,55,4.1,0.8,10007.7
59306,2021-04-01 10:16:00,9.4,1023.1,20,165,7.2,0.0,10262.7
59310,2021-04-01 10:16:00,32.6,1006.9,94,155,3.1,1.0,10249.9
59316,2021-04-01 10:16:00,19.6,1019.0,47,11,8.3,0.9,10446.2
59317,2021-04-01 10:16:00,12.3,1016.6,84,217,7.7,0.0,10272.1
59324,2021-04-01 10:16:00,19.0,1024.0,77,219,12.6,1.1,10116.5
59456,2021-04-01 10:16:00,18.7,1001.3,60,54,3.4,0.8,10290.7
59462,2021-04-01 10:16:00,0.3,1018.0,2,251,0.1,1.5,10161.8
59478,2021-04-01 10:16:00,26.8,1015.6,19,344,13.4,0.6,10111.7
59485,2021-04-01 10:16:00,25.0,1015.2,99,180,12.2,0.2,10156.9
59488,2021-04-01 10:16:00,18.3,1014.1,77,101,14.1,0.4,10294.9
59493,2021-04-01 10:16:00,14.0,1004.2,30,135,4.5,0.6,10030.2
59501,2021-04-01 10:16:00,31.6,1023.5,10,24,9.1,1.1,10305.6
59658,2021-04-01 10:16:00,0.0,1021.3,63,16,2.5,0.4,10285.8
59663,2021-04-01 10:16:00,11.7,1005.1,1,110,10.9,0.4,10297.2
59664,2021-04-01 10:16:00,14.3,1017.1,71,238,6.1,1.2,10446.9
59673,2021-04-01 10:16:00,27.1,1020.9,5,182,6.4,0.1,10266.1
59754,2021-04-01 10:16:00,21.8,1005.1,47,162,3.0,0.0,10383.4
57947,2021-04-01 10:16:00,4.1,1016.5,40,67,10.8,0.3,10210.3
57957,2021-04-01 10:16:00,32.0,1008.3,61,139,13.4,0.2,10213.0
57958,2021-04-01 10:16:00,27.9,1000.4,28,1,7.1,1.5,10382.6
59021,2021-04-01 10:16:00,0.9,1019.5,94,73,9.6,0.4,10203.8
59023,2021-04-01 10:16:00,27.4,1020.5,47,136,2.3,0.6,10205.1
59027,2021-04-01 10:16:00,32.9,1016.2,53,289,4.7,0.8,10181.5
59037,2021-04-01 10:16:00,12.8,1016.6,23,279,8.3,1.3,10172.4
59046,2021-04-01 10:16:00,10.9,1003.4,37,19,13.4,1.4,10449.7
59058,2021-04-01 10:16:00,10.8,1007.9,13,131,2.6,0.6,10240.0
59065,2021-04-01 10:16:00,10.3,1011.6,43,91,7.6,1.0,10012.3
59209,2021-04-01 10:16:00,16.8,1001.3,54,177,10.4,0.7,10354.7
59211,2021-04-01 10:16:00,30.4,1002.3,19,303,6.2,0.2,10112.2
59218,2021-04-01 10:16:00,20.3,1005.0,20,140,6.4,0.7,10259.6
59228,2021-04-01 10:16:00,29.8,1016.2,91,320,4.0,0.8,10226.0
59242,2021-04-01 10:16:00,9.0,1004.3,57,232,3.6,0.1,10451.6
59254,2021-04-01 10:16:00,30.9,1000.8,87,350,6.8,0.4,10211.2
59265,2021-04-01 10:16:00,7.0,1001.0,10,280,0.5,0.0,10451.8
59417,2021-04-01 10:16:00,1.7,1022.7,5,243,0.6,1.4,10125.7
59431,2021-04-01 10:16:00,13.9,1008.4,32,185,5.7,0.7,10443.5
59446,2021-04-01 10:16:00,4.4,1021.0,11,279,4.0,1.3,10126.2
59453,2021-04-01 10:16:00,28.5,1010.5,96,200,12.2,0.4,10288.3
59626,2021-04-01 10:16:00,15.5,1006.4,33,242,10.3,0.0,10474.0
59631,2021-04-01 10:16:00,24.4,1014.8,73,147,6.2,1.5,10353.0
59632,2021-04-01 10:16:00,27.9,1012.7,34,197,4.4,0.8,10218.0
59644,2021-04-01 10:16:00,24.9,1025.8,79,154,5.0,1.3,10204.0
59647,2021-04-01 10:16:00,24.5,1010.2,7,263,2.3,1.5,10358.4
56691,2021-04-01 10:16:00,28.5,1011.9,75,295,6.2,1.4,10221.2
56693,2021-04-01 10:16:00,28.7,1003.9,68,108,14.6,1.2,10252.3
56792,2021-04-01 10:16:00,24.0,1025.1,75,57,9.1,0.0,10485.1
56793,2021-04-01 10:16:00,4.6,1010.9,11,127,6.3,0.1,10166.3
57606,2021-04-01 10:16:00,2.0,1016.5,32,114,8.9,1.3,10262.3
57614,2021-04-01 10:16:00,34.4,1017.8,45,170,10.7,1.1,10337.7
57625,2021-04-01 10:16:00,10.8,1011.0,49,249,6.4,0.6,10375.7
57647,2021-04-01 10:16:00,34.4,1013.3,3,109,0.9,1.3,10381.3
57707,2021-04-01 10:16:00,30.2,1006.2,43,241,9.4,0.9,10029.1
57710,2021-04-01 10:16:00,1.2,1014.8,78,147,13.4,0.1,10385.8
57712,2021-04-01 10:16:00,30.7,1002.6,49,89,10.4,1.2,10385.4
57718,2021-04-01 10:16:00,32.1,1025.2,78,53,10.0,1.1,10234.8
57722,2021-04-01 10:16:00,13.2,1000.1,44,47,12.8,0.2,10325.6
57729,2021-04-01 10:16:00,29.8,1013.9,29,338,4.0,0.2,10338.7
57731,2021-04-01 10:16:00,16.9,1021.1,68,287,7.0,0.0,10496.1
57741,2021-04-01 10:16:00,6.6,1022.6,68,252,13.9,0.0,10479.4
57803,2021-04-01 10:16:00,0.0,1003.5,93,123,7.6,0.4,10163.4
57805,2021-04-01 10:16:00,32.9,1013.4,44,231,3.5,0.7,10047.1
57806,2021-04-01 10:16:00,16.9,1024.9,40,23,1.3,1.0,10167.7
57816,2021-04-01 10:16:00,1.7,1008.6,93,137,9.3,0.3,10199.5
57825,2021-04-01 10:16:00,32.5,1025.8,71,125,3.8,0.3,10324.6
57827,2021-04-01 10:16:00,2.4,1009.8,72,63,2.9,1.4,10144.7
57832,2021-04-01 10:16:00,20.3,1004.1,97,274,1.7,1.5,10388.6
57839,2021-04-01 10:16:00,27.0,1022.6,73,233,2.2,0.0,10446.3
57840,2021-04-01 10:16:00,23.9,1018.6,76,121,3.4,1.4,10493.6
57902,2021-04-01 10:16:00,0.7,1004.3,57,20,6.8,0.3,10203.7
57906,2021-04-01 10:16:00,11.8,1016.4,20,355,13.2,1.1,10215.6
57907,2021-04-01 10:16:00,26.6,1007.0,60,292,0.3,1.5,10139.8
57910,2021-04-01 10:16:00,13.0,1007.8,21,253,2.6,0.7,10086.1
57912,2021-04-01 10:16:00,16.6,1018.5,74,236,11.0,0.5,10285.4
57916,2021-04-01 10:16:00,3.7,1009.6,93,27,5.7,0.7,10009.8
57922,2021-04-01 10:16:00,24.0,1003.9,5,90,3.6,1.1,10063.7
57926,2021-04-01 10:16:00,13.5,1011.4,21,236,14.9,0.4,10122.5
57932,2021-04-01 10:16:00,6.4,1008.9,9,347,8.5,1.3,10226.1
59758,2021-04-01 10:16:00,28.6,1000.3,4,126,2.6,1.2,10269.1
59838,2021-04-01 10:16:00,35.0,1016.4,49,122,13.8,1.3,10123.9
59845,2021-04-01 10:16:00,18.4,1010.8,40,175,11.7,1.5,10178.4
59849,2021-04-01 10:16:00,28.1,1018.3,46,21,4.4,1.3,10171.3
59855,2021-04-01 10:16:00,26.4,1016.7,8,47,5.0,0.7,10097.2
59948,2021-04-01 10:16:00,28.1,1024.7,11,1,11.6,0.7,10106.6
59954,2021-04-01 10:16:00,1.3,1013.4,100,105,8.2,0.2,10151.8
59981,2021-04-01 10:16:00,11.9,1023.1,38,38,10.6,0.2,10059.5
53399,2021-04-01 10:16:00,23.8,1022.8,93,122,7.7,1.2,10385.4
53593,2021-04-01 10:16:00,13.6,1006.8,67,307,7.2,1.3,10215.3
53698,2021-04-01 10:16:00,5.4,1023.0,4,337,10.4,1.4,10059.1
53798,2021-04-01 10:16:00,23.2,1000.7,89,340,4.8,0.1,10046.6
54308,2021-04-01 10:16:00,30.2,1022.1,72,178,0.1,0.3,10411.3
54311,2021-04-01 10:16:00,18.0,1024.7,3,287,3.0,1.2,10028.5
54401,2021-04-01 10:16:00,32.7,1017.9,83,13,13.9,1.3,10485.4
54405,2021-04-01 10:16:00,15.0,1023.4,78,122,9.1,1.3,10047.7
54423,2021-04-01 10:16:00,7.7,1009.4,34,278,10.8,0.0,10161.7
54429,2021-04-01 10:16:00,31.9,1003.7,98,68,8.9,0.3,10417.4
54436,2021-04-01 10:16:00,31.5,1012.1,11,334,7.1,0.4,10476.9
54449,2021-04-01 10:16:00,23.1,1000.9,63,236,12.8,1.1,10473.0
54518,2021-04-01 10:16:00,7.9,1018.4,65,282,10.5,0.6,10385.0
54534,2021-04-01 10:16:00,20.4,1009.4,70,263,12.6,1.4,10161.9
54535,2021-04-01 10:16:00,19.9,1000.9,59,260,4.1,0.4,10236.7
54539,2021-04-01 10:16:00,2.5,1013.7,35,344,10.1,0.8,10173.8
54602,2021-04-01 10:16:00,3.4,1004.2,71,140,14.6,0.7,10060.0
54606,2021-04-01 10:16:00,11.7,1022.0,28,157,13.9,0.1,10269.4
54618,2021-04-01 10:16:00,6.0,1020.2,56,196,8.9,1.4,10165.7
54624,2021-04-01 10:16:00,19.1,1000.1,43,196,0.3,0.8,10247.5
54705,2021-04-01 10:16:00,30.5,1004.9,54,175,11.2,1.1,10336.4
53898,2021-04-01 10:16:00,2.4,1017.5,55,292,14.5,0.1,10069.6
53986,2021-04-01 10:16:00,28.3,1020.0,23,145,5.0,1.4,10177.3
57051,2021-04-01 10:16:00,8.9,1015.1,22,253,8.2,1.5,10064.4
57067,2021-04-01 10:16:00,20.1,1020.7,90,144,1.8,0.6,10395.0
57071,2021-04-01 10:16:00,1.6,1017.3,20,21,13.0,0.5,10043.6
57077,2021-04-01 10:16:00,15.7,1000.7,36,215,13.9,0.2,10118.0
57083,2021-04-01 10:16:00,27.1,1021.5,66,342,13.6,0.2,10007.0
57084,2021-04-01 10:16:00,8.7,1013.3,25,108,9.7,0.2,10480.1
57089,2021-04-01 10:16:00,22.7,1020.0,86,358,3.0,0.8,10070.9
57091,2021-04-01 10:16:00,10.8,1014.5,46,211,13.9,0.0,10332.1
57156,2021-04-01 10:16:00,33.2,1001.2,31,10,8.4,0.7,10161.8
57178,2021-04-01 10:16:00,11.0,1011.0,61,153,14.0,0.0,10290.8
57181,2021-04-01 10:16:00,32.0,1024.2,59,158,1.5,0.7,10477.0
57193,2021-04-01 10:16:00,34.5,1006.7,97,100,8.4,1.3,10198.2
57285,2021-04-01 10:16:00,25.3,1015.0,58,81,7.0,0.3,10209.2
57290,2021-04-01 10:16:00,1.9,1001.1,77,337,12.1,0.0,10427.1
57297,2021-04-01 10:16:00,13.4,1000.2,76,274,2.7,1.0,10187.2
58005,2021-04-01 10:16:00,31.5,1012.9,69,19,13.3,1.2,10491.4
58111,2021-04-01 10:16:00,22.3,1002.1,52,170,13.7,0.1,10163.2
58208,2021-04-01 10:16:00,28.8,1018.5,16,233,8.7,0.3,10162.1
50136,2021-04-01 10:16:00,12.5,1001.4,65,304,0.2,1.2,10069.6
50246,2021-04-01 10:16:00,12.5,1004.3,95,213,0.7,0.7,10219.1
50247,2021-04-01 10:16:00,34.5,1005.6,65,208,9.3,0.0,10386.3
50349,2021-04-01 10:16:00,17.1,1003.4,44,99,8.1,1.4,10475.5
50353,2021-04-01 10:16:00,2.8,1007.9,48,143,13.3,0.3,10343.3
50442,2021-04-01 10:16:00,11.2,1003.3,91,208,13.1,0.4,10006.7
50468,2021-04-01 10:16:00,26.6,1019.9,7,294,8.3,1.4,10332.3
50557,2021-04-01 10:16:00,33.3,1012.3,46,0,1.9,0.8,10026.5
50564,2021-04-01 10:16:00,9.5,1006.1,56,193,0.5,1.4,10030.0
50656,2021-04-01 10:16:00,4.9,1003.1,17,288,2.1,0.2,10168.4
50658,2021-04-01 10:16:00,33.1,1004.2,91,156,4.2,1.2,10030.1
50674,2021-04-01 10:16:00,28.5,1007.3,29,285,5.9,0.2,10081.3
50739,2021-04-01 10:16:00,27.1,1010.6,69,141,11.7,0.7,10460.5
50742,2021-04-01 10:16:00,28.2,1019.8,64,305,14.4,1.5,10156.9
50745,2021-04-01 10:16:00,17.1,1025.7,94,160,3.2,0.7,10402.5
50756,2021-04-01 10:16:00,4.2,1011.8,51,3,5.4,0.7,10314.4
50758,2021-04-01 10:16:00,6.8,1011.0,26,303,7.1,1.3,10244.1
50774,2021-04-01 10:16:00,19.0,1007.3,37,47,9.6,1.1,10235.1
50778,2021-04-01 10:16:00,19.2,1007.1,30,76,12.0,0.3,10026.1
50788,2021-04-01 10:16:00,23.0,1015.0,98,38,14.4,1.5,10093.9
50844,2021-04-01 10:16:00,21.3,1014.0,94,243,13.7,0.6,10024.7
50853,2021-04-01 10:16:00,0.9,1021.8,88,352,3.2,0.3,10024.1
50854,2021-04-01 10:16:00,19.1,1013.0,57,69,10.6,0.9,10305.3
50862,2021-04-01 10:16:00,15.8,1004.5,6,243,12.3,1.4,10192.6
50873,2021-04-01 10:16:00,22.5,1019.4,48,337,8.4,0.4,10199.1
50877,2021-04-01 10:16:00,4.0,1024.4,91,175,2.4,0.6,10281.1
50888,2021-04-01 10:16:00,7.4,1015.3,11,185,8.0,0.6,10194.4
50950,2021-04-01 10:16:00,30.4,1008.9,84,337,11.6,1.2,10132.1
50953,2021-04-01 10:16:00,0.2,1024.0,14,56,5.1,0.0,10160.3
50955,2021-04-01 10:16:00,19.3,1021.8,58,161,11.4,0.4,10255.0
50963,2021-04-01 10:16:00,14.7,1007.0,36,157,3.3,1.4,10033.7
50968,2021-04-01 10:16:00,12.3,1025.9,41,22,1.8,1.1,10410.1
50973,2021-04-01 10:16:00,27.3,1002.2,24,284,11.2,0.9,10065.7
50978,2021-04-01 10:16:00,13.0,1004.1,11,313,0.6,0.4,10159.0
50983,2021-04-01 10:16:00,26.4,1010.8,12,221,14.8,1.0,10342.7
54094,2021-04-01 10:16:00,0.7,1025.4,45,137,1.1,1.2,10227.9
54096,2021-04-01 10:16:00,7.1,1001.1,76,306,7.8,0.3,10264.4
57251,2021-04-01 10:16:00,17.4,1021.8,77,68,4.1,1.0,10109.8
57256,2021-04-01 10:16:00,30.6,1021.1,77,10,2.4,0.3,10369.4
57259,2021-04-01 10:16:00,27.4,1011.7,94,46,13.4,0.1,10345.1
57265,2021-04-01 10:16:00,20.2,1024.8,8,316,8.6,0.7,10370.4
57278,2021-04-01 10:16:00,14.1,1009.4,87,108,7.4,0.2,10061.7
57279,2021-04-01 10:16:00,33.5,1025.2,31,335,5.9,0.6,10246.8
57355,2021-04-01 10:16:00,24.5,1003.7,22,338,13.4,0.3,10299.7
57358,2021-04-01 10:16:00,31.7,1008.6,20,247,3.0,0.7,10105.9
57359,2021-04-01 10:16:00,9.3,1025.4,88,153,5.0,0.9,10403.9
57363,2021-04-01 10:16:00,6.8,1018.9,63,313,9.3,0.4,10255.5
57378,2021-04-01 10:16:00,17.0,1012.0,100,108,14.7,1.2,10266.3
57381,2021-04-01 10:16:00,12.0,1006.4,63,294,4.6,1.3,10066.7
57395,2021-04-01 10:16:00,9.8,1003.7,18,236,12.8,0.4,10249.1
57399,2021-04-01 10:16:00,7.7,1011.1,28,136,12.2,0.1,10069.7
57439,2021-04-01 10:16:00,5.7,1012.6,64,90,3.3,0.6,10158.7
57445,2021-04-01 10:16:00,19.5,1015.6,57,244,7.8,1.0,10095.5
57447,2021-04-01 10:16:00,27.8,1005.7,92,356,1.4,0.1,10003.1
57458,2021-04-01 10:16:00,17.4,1023.5,87,305,9.9,0.2,10131.0
57461,2021-04-01 10:16:00,2.0,1001.0,37,219,8.9,1.5,10167.2
57476,2021-04-01 10:16:00,27.2,1015.5,21,243,5.3,0.9,10020.2
57482,2021-04-01 10:16:00,0.6,1007.2,38,239,4.9,0.0,10300.8
57483,2021-04-01 10:16:00,12.4,1017.4,73,199,10.7,0.2,10028.0
57493,2021-04-01 10:16:00,18.8,1001.4,71,269,3.0,0.6,10082.0
57494,2021-04-01 10:16:00,23.9,1016.4,84,241,12.6,0.3,10168.7
57545,2021-04-01 10:16:00,4.6,1016.7,64,115,8.0,0.4,10030.8
57573,2021-04-01 10:16:00,3.3,1003.8,95,155,7.4,1.0,10330.4
57581,2021-04-01 10:16:00,12.8,1001.7,44,71,10.1,1.3,10271.1
57583,2021-04-01 10:16:00,16.8,1009.2,43,2,8.3,1.3,10381.8
57595,2021-04-01 10:16:00,2.4,1023.5,93,142,6.5,0.4,10047.1
58402,2021-04-01 10:16:00,14.8,1023.0,89,296,9.5,0.3,10462.8
58407,2021-04-01 10:16:00,7.8,1009.8,31,305,13.2,0.1,10262.8
58500,2021-04-01 10:16:00,30.1,1009.9,71,109,6.3,0.4,10032.3
57554,2021-04-01 10:16:00,27.2,1025.6,21,168,2.3,1.2,10323.6
57562,2021-04-01 10:16:00,26.5,1004.0,13,195,8.3,0.4,10348.0
57574,2021-04-01 10:16:00,10.4,1003.9,37,2,9.5,0.6,10013.8
57584,2021-04-01 10:16:00,19.7,1005.0,10,235,12.9,1.1,10007.2
57642,2021-04-01 10:16:00,19.6,1003.7,62,270,9.0,0.5,10335.2
57649,2021-04-01 10:16:00,2.9,1006.7,2,104,6.8,0.5,10330.5
57655,2021-04-01 10:16:00,18.5,1002.0,52,73,0.9,1.5,10339.2
57662,2021-04-01 10:16:00,21.2,1024.4,1,174,14.6,1.3,10359.2
57669,2021-04-01 10:16:00,30.3,1017.4,87,31,4.3,0.3,10225.5
57671,2021-04-01 10:16:00,8.5,1002.0,13,328,2.8,1.0,10155.7
57673,2021-04-01 10:16:00,12.4,1020.3,93,343,5.3,0.3,10420.3
57679,2021-04-01 10:16:00,13.6,1024.0,77,121,14.1,1.2,10479.8
57682,2021-04-01 10:16:00,17.9,1008.4,58,156,8.5,1.1,10499.9
57687,2021-04-01 10:16:00,21.2,1024.3,1,223,7.5,1.3,10199.5
57745,2021-04-01 10:16:00,28.9,1014.8,17,213,6.6,0.4,10137.0
57749,2021-04-01 10:16:00,26.8,1012.3,98,107,14.3,0.1,10034.2
57752,2021-04-01 10:16:00,29.0,1025.9,17,323,4.5,1.3,10215.6
57758,2021-04-01 10:16:00,4.1,1012.8,79,161,11.1,0.2,10000.1
57761,2021-04-01 10:16:00,14.8,1002.5,90,192,7.8,0.9,10332.6
57766,2021-04-01 10:16:00,0.5,1002.1,7,309,2.6,1.5,10012.0
57774,2021-04-01 10:16:00,7.9,1020.6,69,205,13.7,0.8,10045.6
57776,2021-04-01 10:16:00,1.8,1024.9,68,327,7.8,0.9,10154.2
57779,2021-04-01 10:16:00,6.0,1000.2,55,188,2.3,1.1,10271.5
57780,2021-04-01 10:16:00,25.5,1015.5,20,222,6.8,0.5,10100.6
57841,2021-04-01 10:16:00,12.7,1003.8,32,233,11.6,0.8,10195.0
57845,2021-04-01 10:16:00,26.9,1010.6,99,179,9.6,0.5,10109.0
57853,2021-04-01 10:16:00,28.5,1021.9,89,145,4.2,1.4,10204.4
57857,2021-04-01 10:16:00,21.3,1015.4,16,142,14.1,0.6,10277.4
57860,2021-04-01 10:16:00,6.9,1004.8,49,176,14.8,0.4,10376.2
57866,2021-04-01 10:16:00,19.8,1023.7,93,179,6.8,1.5,10388.2
57872,2021-04-01 10:16:00,33.2,1018.3,71,30,7.3,1.4,10070.4
57874,2021-04-01 10:16:00,29.9,1008.6,51,314,9.5,0.1,10099.7
57889,2021-04-01 10:16:00,10.5,1012.0,34,138,7.0,1.4,10068.2
57965,2021-04-01 10:16:00,16.2,1008.6,30,25,0.0,1.3,10281.9
57972,2021-04-01 10:16:00,23.3,1009.4,21,285,2.3,1.4,10175.0
57974,2021-04-01 10:16:00,7.6,1017.7,84,337,10.8,0.1,10109.6
50936,2021-04-01 10:16:00,24.0,1006.9,12,183,11.1,0.9,10449.3
50945,2021-04-01 10:16:00,29.0,1013.6,2,63,9.9,1.0,10342.4
50948,2021-04-01 10:16:00,4.2,1007.3,98,129,6.8,0.9,10324.7
50949,2021-04-01 10:16:00,5.6,1013.4,35,321,1.1,0.5,10108.1
54041,2021-04-01 10:16:00,14.1,1023.5,14,336,1.1,0.8,10002.0
54049,2021-04-01 10:16:00,16.5,1006.6,67,95,0.4,0.7,10010.5
54063,2021-04-01 10:16:00,0.8,1007.1,99,336,10.4,0.4,10026.5
54064,2021-04-01 10:16:00,3.8,1023.5,85,337,7.5,1.0,10035.0
54142,2021-04-01 10:16:00,31.5,1024.0,21,340,9.7,0.1,10010.3
54157,2021-04-01 10:16:00,33.3,1000.8,61,291,13.1,1.4,10222.6
54161,2021-04-01 10:16:00,28.6,1016.7,49,141,4.8,0.7,10378.4
54165,2021-04-01 10:16:00,26.5,1008.7,77,339,6.4,0.0,10224.0
54171,2021-04-01 10:16:00,28.0,1005.1,8,270,12.3,1.2,10108.7
54181,2021-04-01 10:16:00,20.2,1024.3,79,58,2.1,1.1,10462.3
54186,2021-04-01 10:16:00,8.4,1023.5,53,71,6.5,0.9,10190.7
54195,2021-04-01 10:16:00,17.3,1009.2,83,348,4.9,0.2,10421.6
54260,2021-04-01 10:16:00,8.3,1010.6,98,65,5.4,0.4,10114.9
54263,2021-04-01 10:16:00,28.8,1008.1,78,67,10.0,0.7,10065.7
54266,2021-04-01 10:16:00,21.2,1006.1,40,168,6.4,1.2,10175.1
54273,2021-04-01 10:16:00,19.2,1002.5,5,32,4.7,0.6,10383.1
54276,2021-04-01 10:16:00,23.8,1010.0,62,283,11.8,0.2,10148.3
54284,2021-04-01 10:16:00,17.2,1014.9,8,19,10.1,1.2,10034.8
54285,2021-04-01 10:16:00,12.9,1002.2,76,314,13.8,1.5,10052.2
54286,2021-04-01 10:16:00,29.8,1019.9,75,301,10.6,1.4,10302.0
54292,2021-04-01 10:16:00,21.3,1023.5,88,181,1.2,0.8,10454.1
54363,2021-04-01 10:16:00,4.9,1025.3,38,84,12.2,0.8,10015.7
54374,2021-04-01 10:16:00,10.1,1012.6,2,356,12.3,0.0,10071.1
54377,2021-04-01 10:16:00,7.0,1005.5,59,178,10.4,1.2,10020.9
54386,2021-04-01 10:16:00,32.8,1021.3,26,55,3.0,0.0,10245.1
58026,2021-04-01 10:16:00,18.9,1026.4,86,344,12.2,1.0,10060.8
58027,2021-04-01 10:16:00,9.9,1006.6,84,2,9.7,0.8,10482.7
58038,2021-04-01 10:16:00,19.7,1008.9,7,248,1.0,0.8,10204.9
58040,2021-04-01 10:16:00,13.6,1021.8,6,69,11.3,1.5,10326.5
58047,2021-04-01 10:16:00,0.5,1009.9,14,237,1.4,1.4,10014.1
58130,2021-04-01 10:16:00,2.9,1018.2,42,117,14.0,0.4,10289.8
58135,2021-04-01 10:16:00,31.6,1008.7,64,322,12.7,1.3,10155.1
58138,2021-04-01 10:16:00,6.8,1020.8,57,303,3.3,0.6,10343.2
58141,2021-04-01 10:16:00,4.2,1002.4,30,72,9.8,1.0,10204.1
58143,2021-04-01 10:16:00,11.6,1001.9,44,263,1.8,1.3,10381.8
58150,2021-04-01 10:16:00,10.7,1015.8,53,268,7.8,1.1,10238.2
58158,2021-04-01 10:16:00,22.9,1012.4,14,304,11.9,0.6,10499.6
58238,2021-04-01 10:16:00,13.0,1018.6,33,224,3.5,0.5,10234.2
58241,2021-04-01 10:16:00,1.4,1017.7,79,50,0.3,1.0,10188.2
58251,2021-04-01 10:16:00,24.0,1023.1,46,201,7.6,1.0,10443.6
58252,2021-04-01 10:16:00,9.7,1018.0,94,209,10.2,1.4,10214.2
58255,2021-04-01 10:16:00,25.2,1007.3,54,58,6.6,0.5,10092.1
58259,2021-04-01 10:16:00,12.3,1013.5,32,39,10.9,0.9,10334.1
58265,2021-04-01 10:16:00,32.0,1025.8,95,207,14.4,1.5,10214.5
58343,2021-04-01 10:16:00,24.8,1014.4,99,345,5.5,0.3,10355.6
58345,2021-04-01 10:16:00,7.1,1017.0,93,152,13.0,0.5,10489.2
58354,2021-04-01 10:16:00,18.0,1018.9,98,312,13.6,0.8,10009.3
58356,2021-04-01 10:16:00,34.2,1011.8,81,93,2.3,1.0,10352.2
58358,2021-04-01 10:16:00,1.8,1004.1,70,291,10.5,0.3,10264.1
57598,2021-04-01 10:16:00,20.6,1014.8,56,151,6.5,1.2,10241.9
57696,2021-04-01 10:16:00,15.7,1014.2,68,166,8.4,0.0,10446.3
57789,2021-04-01 10:16:00,3.8,1013.0,43,262,3.5,0.7,10130.0
57793,2021-04-01 10:16:00,15.1,1008.4,37,16,11.7,1.3,10212.6
57799,2021-04-01 10:16:00,28.0,1016.3,89,97,9.3,1.5,10034.5
57894,2021-04-01 10:16:00,10.7,1024.5,66,128,14.3,1.2,10010.5
57896,2021-04-01 10:16:00,3.3,1002.5,6,161,14.5,0.4,10451.0
57993,2021-04-01 10:16:00,31.5,1005.8,12,321,7.2,0.3,10281.6
58506,2021-04-01 10:16:00,8.9,1013.8,90,7,8.6,0.5,10127.7
58507,2021-04-01 10:16:00,2.7,1022.9,66,240,7.0,0.2,10385.4
58519,2021-04-01 10:16:00,33.4,1020.6,4,214,1.7,0.4,10307.6
58527,2021-04-01 10:16:00,26.8,1012.3,24,305,3.1,1.0,10144.6
58600,2021-04-01 10:16:00,16.2,1010.5,8,8,9.3,0.8,10296.4
58606,2021-04-01 10:16:00,0.9,1017.7,20,261,10.2,0.1,10360.5
58608,2021-04-01 10:16:00,4.9,1015.2,3,167,8.6,0.5,10106.6
58622,2021-04-01 10:16:00,1.3,1008.8,33,317,12.6,1.1,10345.2
58626,2021-04-01 10:16:00,16.5,1002.8,53,246,7.8,0.4,10320.0
58634,2021-04-01 10:16:00,29.5,1003.0,30,125,13.8,0.4,10192.3
58637,2021-04-01 10:16:00,14.4,1008.9,73,254,10.7,0.7,10048.1
58705,2021-04-01 10:16:00,17.5,1013.9,87,168,5.4,0.6,10196.5
58715,2021-04-01 10:16:00,21.8,1025.8,33,23,7.1,0.4,10247.1
58718,2021-04-01 10:16:00,4.0,1015.8,76,297,6.1,0.0,10243.0
58806,2021-04-01 10:16:00,19.6,1012.8,54,131,14.8,0.9,10441.1
58813,2021-04-01 10:16:00,9.1,1023.4,59,102,14.1,0.8,10127.2
59092,2021-04-01 10:16:00,13.2,1019.1,68,60,4.4,1.5,10057.2
59102,2021-04-01 10:16:00,5.4,1020.3,85,2,13.8,0.3,10128.6
54236,2021-04-01 10:16:00,31.0,1023.2,35,128,7.6,1.1,10235.1
54237,2021-04-01 10:16:00,16.7,1005.1,97,13,12.1,1.0,10170.2
54243,2021-04-01 10:16:00,14.5,1018.0,86,149,11.9,0.4,10411.0
54254,2021-04-01 10:16:00,14.2,1012.6,66,113,4.6,1.4,10010.6
54259,2021-04-01 10:16:00,27.1,1012.8,8,294,13.1,0.9,10045.6
54324,2021-04-01 10:16:00,3.7,1017.7,27,175,9.8,0.6,10380.0
54326,2021-04-01 10:16:00,18.3,1020.9,4,263,3.1,0.0,10024.2
54333,2021-04-01 10:16:00,22.8,1022.6,36,126,10.2,0.4,10020.0
54334,2021-04-01 10:16:00,8.8,1013.4,8,205,7.0,0.2,10048.4
54335,2021-04-01 10:16:00,11.4,1014.7,54,302,9.1,0.3,10159.4
54337,2021-04-01 10:16:00,11.7,1021.4,18,101,8.3,0.0,10089.0
54339,2021-04-01 10:16:00,30.1,1021.9,90,107,6.0,0.0,10182.1
54342,2021-04-01 10:16:00,8.0,1020.4,85,85,3.3,0.3,10120.2
54346,2021-04-01 10:16:00,30.7,1014.7,70,356,11.6,1.5,10281.9
54349,2021-04-01 10:16:00,26.4,1026.4,20,247,11.0,0.8,10119.2
54351,2021-04-01 10:16:00,19.7,1010.5,57,22,2.4,1.0,10306.7
54353,2021-04-01 10:16:00,1.6,1006.4,67,202,5.5,1.0,10055.7
54365,2021-04-01 10:16:00,34.1,1024.1,19,34,0.5,0.7,10107.0
54452,2021-04-01 10:16:00,22.7,1022.9,26,59,2.1,0.1,10144.7
54454,2021-04-01 10:16:00,3.8,1009.8,39,189,14.6,0.7,10461.5
54455,2021-04-01 10:16:00,13.5,1004.0,25,239,12.1,1.4,10156.9
54470,2021-04-01 10:16:00,25.5,1007.6,30,18,14.4,0.3,10007.9
54471,2021-04-01 10:16:00,22.2,1016.3,68,62,10.3,1.3,10287.3
54472,2021-04-01 10:16:00,16.4,1001.0,33,119,2.5,0.2,10376.4
54476,2021-04-01 10:16:00,4.2,1024.9,80,124,11.4,1.1,10297.4
54486,2021-04-01 10:16:00,17.3,1003.7,18,113,4.4,0.6,10196.4
54493,2021-04-01 10:16:00,20.3,1012.2,96,90,13.5,0.3,10021.2
54497,2021-04-01 10:16:00,16.7,1003.0,19,286,5.0,1.4,10183.1
54563,2021-04-01 10:16:00,18.3,1013.7,15,359,9.2,1.0,10358.9
54579,2021-04-01 10:16:00,34.5,1013.6,51,66,10.1,1.1,10309.6
54584,2021-04-01 10:16:00,20.9,1019.2,95,257,1.4,0.6,10347.1
54660,2021-04-01 10:16:00,13.6,1004.2,93,42,6.7,1.4,10288.0
54662,2021-04-01 10:16:00,11.2,1025.7,40,356,8.7,0.9,10054.1
50425,2021-04-01 10:16:00,14.7,1003.3,43,339,10.7,1.3,10343.0
50434,2021-04-01 10:16:00,7.9,1012.4,98,97,13.2,0.0,10016.5
50514,2021-04-01 10:16:00,22.2,1013.4,23,250,4.3,1.1,10062.1
50527,2021-04-01 10:16:00,9.3,1008.7,59,151,14.0,0.5,10284.4
50548,2021-04-01 10:16:00,11.9,1003.6,76,338,6.0,0.5,10324.2
50603,2021-04-01 10:16:00,5.6,1010.9,36,187,12.9,1.3,10318.3
50618,2021-04-01 10:16:00,21.7,1000.9,31,113,6.3,1.3,10092.9
50632,2021-04-01 10:16:00,12.2,1000.5,14,170,4.7,0.7,10198.0
50639,2021-04-01 10:16:00,31.0,1001.2,81,114,12.8,1.1,10254.9
50727,2021-04-01 10:16:00,16.4,1022.5,23,47,14.1,0.5,10046.6
50834,2021-04-01 10:16:00,23.8,1020.4,23,147,7.3,0.5,10176.1
50838,2021-04-01 10:16:00,33.8,1011.8,70,316,8.0,1.0,10463.3
50915,2021-04-01 10:16:00,24.1,1008.5,20,75,12.9,1.2,10296.2
50924,2021-04-01 10:16:00,26.3,1001.4,7,228,13.6,1.2,10345.0
52267,2021-04-01 10:16:00,23.9,1004.9,47,90,13.6,1.2,10048.4
52495,2021-04-01 10:16:00,5.9,1025.8,92,270,3.3,0.4,10463.0
52576,2021-04-01 10:16:00,21.8,1007.4,18,1,5.1,0.0,10461.9
53068,2021-04-01 10:16:00,13.2,1024.5,42,339,5.0,1.1,10246.1
53083,2021-04-01 10:16:00,12.9,1007.4,100,224,7.1,0.9,10469.9
53149,2021-04-01 10:16:00,6.9,1018.5,58,288,4.1,1.2,10257.7
53192,2021-04-01 10:16:00,33.8,1023.0,18,240,0.6,1.0,10056.6
53195,2021-04-01 10:16:00,30.0,1002.2,42,169,6.3,0.6,10305.2
53276,2021-04-01 10:16:00,8.4,1007.1,21,231,11.5,0.7,10234.4
53336,2021-04-01 10:16:00,13.9,1006.6,36,287,3.1,0.4,10394.5
53352,2021-04-01 10:16:00,9.3,1004.2,87,79,10.4,0.7,10002.8
53362,2021-04-01 10:16:00,32.0,1014.9,73,339,11.4,1.3,10320.5
53367,2021-04-01 10:16:00,33.1,1003.6,89,334,8.7,0.4,10070.7
53391,2021-04-01 10:16:00,15.6,1010.9,18,313,9.5,0.8,10107.8
53446,2021-04-01 10:16:00,19.1,1001.6,10,93,9.0,0.7,10436.0
53463,2021-04-01 10:16:00,0.0,1002.3,44,138,4.4,0.3,10090.3
53480,2021-04-01 10:16:00,13.4,1015.7,38,319,3.4,1.0,10002.7
53502,2021-04-01 10:16:00,31.3,1002.6,84,136,11.8,0.8,10428.4
53513,2021-04-01 10:16:00,27.6,1003.0,64,294,10.3,1.2,10180.4
53529,2021-04-01 10:16:00,14.7,1019.1,1,334,12.4,1.2,10339.8
53543,2021-04-01 10:16:00,25.7,1017.1,31,319,4.4,0.0,10452.8
53547,2021-04-01 10:16:00,17.1,1025.6,57,349,3.2,1.5,10103.2
53602,2021-04-01 10:16:00,1.2,1021.4,49,296,5.1,1.1,10293.6
54012,2021-04-01 10:16:00,18.2,1014.7,11,32,1.0,1.1,10131.9
54026,2021-04-01 10:16:00,14.8,1001.7,53,288,1.8,1.4,10404.0
54027,2021-04-01 10:16:00,15.6,1024.9,11,282,0.2,1.1,10164.4
54102,2021-04-01 10:16:00,12.5,1020.5,71,27,5.6,1.4,10112.5
54115,2021-04-01 10:16:00,10.1,1023.3,19,194,2.2,1.2,10266.6
54134,2021-04-01 10:16:00,29.9,1012.6,18,31,4.8,0.1,10431.2
54135,2021-04-01 10:16:00,11.9,1022.1,72,203,11.2,0.5,10148.6
54208,2021-04-01 10:16:00,21.1,1012.2,23,352,6.3,1.2,10093.8
54213,2021-04-01 10:16:00,30.9,1008.9,100,249,14.9,0.1,10215.7
54218,2021-04-01 10:16:00,11.7,1020.7,66,45,13.9,0.7,10331.1
54226,2021-04-01 10:16:00,24.5,1006.1,9,328,11.4,0.3,10035.9
53519,2021-04-01 10:16:00,29.6,1006.8,23,334,11.5,0.8,10015.8
53612,2021-04-01 10:16:00,5.8,1003.0,90,170,10.4,0.8,10183.6
53614,2021-04-01 10:16:00,3.1,1000.0,79,236,5.3,0.3,10243.5
53615,2021-04-01 10:16:00,18.7,1007.3,59,63,8.7,0.3,10042.9
53704,2021-04-01 10:16:00,20.7,1000.8,89,330,1.1,0.6,10362.5
53705,2021-04-01 10:16:00,26.8,1012.3,23,117,4.8,0.8,10429.3
53723,2021-04-01 10:16:00,13.1,1003.0,43,97,0.8,0.0,10498.9
53806,2021-04-01 10:16:00,7.7,1016.1,15,237,14.4,1.3,10221.2
53810,2021-04-01 10:16:00,24.4,1023.9,37,245,4.4,0.0,10353.7
53817,2021-04-01 10:16:00,20.3,1012.8,45,55,9.6,0.6,10134.9
53903,2021-04-01 10:16:00,28.5,1016.5,5,198,13.1,0.6,10204.7
53910,2021-04-01 10:16:00,27.5,1021.4,89,26,8.5,0.3,10259.5
51886,2021-04-01 10:16:00,14.3,1021.2,8,235,7.8,0.8,10451.3
52602,2021-04-01 10:16:00,31.1,1025.7,72,260,11.3,0.7,10100.3
52633,2021-04-01 10:16:00,7.1,1016.2,13,346,11.2,0.4,10013.3
52645,2021-04-01 10:16:00,0.4,1021.9,61,268,13.5,0.4,10424.8
52657,2021-04-01 10:16:00,21.1,1025.7,10,254,13.9,0.9,10038.5
52707,2021-04-01 10:16:00,25.0,1009.5,26,182,13.9,0.0,10018.1
52713,2021-04-01 10:16:00,15.9,1005.2,91,4,4.6,1.4,10416.3
52737,2021-04-01 10:16:00,0.2,1003.0,75,86,13.6,1.4,10365.8
52754,2021-04-01 10:16:00,2.0,1007.9,42,274,4.6,0.6,10411.9
52765,2021-04-01 10:16:00,3.4,1002.8,70,57,9.0,1.0,10434.9
52818,2021-04-01 10:16:00,17.6,1012.3,75,234,5.5,0.8,10193.0
52825,2021-04-01 10:16:00,34.4,1003.0,69,11,4.2,1.1,10044.6
52833,2021-04-01 10:16:00,26.0,1024.3,17,82,7.2,1.3,10284.4
52836,2021-04-01 10:16:00,4.2,1023.6,98,281,13.5,1.5,10491.0
52842,2021-04-01 10:16:00,16.5,1015.8,71,357,0.8,1.2,10081.4
52856,2021-04-01 10:16:00,8.4,1016.9,43,336,13.6,0.3,10379.6
52866,2021-04-01 10:16:00,6.8,1010.5,50,310,9.3,0.1,10250.5
52868,2021-04-01 10:16:00,16.4,1024.4,63,51,3.8,0.3,10011.0
52876,2021-04-01 10:16:00,12.9,1011.8,23,240,9.4,0.0,10235.1
52908,2021-04-01 10:16:00,16.2,1017.0,55,128,5.6,0.4,10121.1
52943,2021-04-01 10:16:00,4.2,1005.9,17,92,11.9,1.0,10283.1
52955,2021-04-01 10:16:00,17.8,1018.3,49,153,11.0,0.2,10351.3
52974,2021-04-01 10:16:00,31.9,1025.1,29,313,0.2,0.6,10475.4
56004,2021-04-01 10:16:00,12.3,1007.5,88,220,3.7,0.5,10194.7
56018,2021-04-01 10:16:00,10.1,1004.3,6,278,9.9,0.9,10363.6
56021,2021-04-01 10:16:00,22.6,1011.7,99,116,7.3,1.0,10323.4
56029,2021-04-01 10:16:00,2.4,1023.0,46,53,13.3,0.1,10233.5
56033,2021-04-01 10:16:00,34.2,1012.5,84,141,2.2,1.5,10479.6
56034,2021-04-01 10:16:00,28.9,1001.4,3,318,10.2,0.3,10186.9
56043,2021-04-01 10:16:00,20.0,1008.4,12,255,11.6,1.3,10055.8
56046,2021-04-01 10:16:00,34.6,1015.4,85,64,2.1,0.1,10426.3
56065,2021-04-01 10:16:00,28.1,1018.9,16,110,13.1,0.3,10298.0
56067,2021-04-01 10:16:00,5.2,1004.4,59,258,3.8,1.2,10488.4
56125,2021-04-01 10:16:00,23.5,1022.3,25,237,9.7,0.4,10014.5
56151,2021-04-01 10:16:00,26.5,1010.6,88,117,1.3,0.7,10384.5
54715,2021-04-01 10:16:00,11.8,1021.2,92,1,5.8,0.6,10420.4
54725,2021-04-01 10:16:00,22.8,1024.6,9,35,13.7,1.0,10085.1
54727,2021-04-01 10:16:00,23.4,1020.1,42,271,9.6,1.0,10146.3
54744,2021-04-01 10:16:00,25.4,1007.8,45,241,5.9,1.5,10236.6
54751,2021-04-01 10:16:00,6.9,1008.4,4,69,10.8,0.6,10263.2
54753,2021-04-01 10:16:00,3.4,1009.7,35,107,7.0,0.2,10293.3
54764,2021-04-01 10:16:00,24.1,1007.5,69,196,3.9,0.2,10039.9
54774,2021-04-01 10:16:00,12.6,1001.5,32,21,3.8,1.5,10297.2
54776,2021-04-01 10:16:00,20.0,1002.5,17,162,11.4,1.5,10238.6
54808,2021-04-01 10:16:00,24.9,1016.8,34,290,2.5,0.4,10175.0
54823,2021-04-01 10:16:00,29.0,1024.7,53,115,7.3,0.9,10174.5
54826,2021-04-01 10:16:00,8.5,1016.0,3,119,1.5,0.1,10308.4
54836,2021-04-01 10:16:00,34.5,1018.0,79,66,7.0,0.6,10277.5
54842,2021-04-01 10:16:00,5.9,1013.1,64,180,13.4,0.1,10415.1
54843,2021-04-01 10:16:00,23.8,1021.7,1,328,7.9,0.0,10468.9
54857,2021-04-01 10:16:00,13.2,1001.8,8,316,11.0,1.4,10464.9
54863,2021-04-01 10:16:00,2.0,1015.5,53,12,0.8,1.1,10453.1
54909,2021-04-01 10:16:00,2.4,1008.2,20,217,4.5,0.7,10331.7
54916,2021-04-01 10:16:00,30.0,1020.2,81,322,14.9,0.8,10313.9
54929,2021-04-01 10:16:00,20.1,1008.9,20,343,11.0,0.2,10323.4
54936,2021-04-01 10:16:00,30.1,1012.0,72,106,13.8,0.0,10218.6
54945,2021-04-01 10:16:00,5.6,1023.2,22,6,8.6,0.9,10134.2
58034,2021-04-01 10:16:00,0.9,1012.1,26,183,10.8,0.9,10016.2
53478,2021-04-01 10:16:00,10.8,1000.4,62,237,12.3,0.4,10476.0
53487,2021-04-01 10:16:00,9.2,1021.0,77,34,0.1,1.5,10057.0
53490,2021-04-01 10:16:00,11.2,1022.8,35,247,3.0,0.8,10351.7
53564,2021-04-01 10:16:00,18.7,1007.9,10,331,2.7,1.0,10034.6
53578,2021-04-01 10:16:00,31.6,1023.8,73,46,8.2,0.1,10269.3
53579,2021-04-01 10:16:00,19.3,1023.0,9,41,7.8,0.0,10220.6
53588,2021-04-01 10:16:00,33.4,1009.1,100,210,0.5,0.1,10420.4
53594,2021-04-01 10:16:00,4.5,1008.6,23,16,4.2,1.1,10218.4
53663,2021-04-01 10:16:00,8.7,1005.4,75,196,1.2,1.0,10229.2
53664,2021-04-01 10:16:00,5.6,1016.4,91,322,14.9,1.4,10295.3
53673,2021-04-01 10:16:00,8.9,1004.7,43,88,11.5,1.3,10081.5
53687,2021-04-01 10:16:00,0.7,1022.3,40,222,2.0,0.2,10286.4
53764,2021-04-01 10:16:00,10.7,1025.7,31,94,1.9,0.0,10058.2
53772,2021-04-01 10:16:00,10.1,1007.2,98,320,8.6,0.3,10434.8
53775,2021-04-01 10:16:00,18.9,1006.0,30,357,6.9,0.3,10319.8
53787,2021-04-01 10:16:00,17.0,1018.1,9,169,14.4,1.2,10359.9
53853,2021-04-01 10:16:00,32.3,1003.7,94,249,6.1,0.7,10313.1
53859,2021-04-01 10:16:00,15.5,1006.9,58,194,8.4,1.4,10092.9
53863,2021-04-01 10:16:00,11.4,1003.6,81,112,12.8,0.9,10176.1
53868,2021-04-01 10:16:00,6.0,1015.9,61,6,5.0,1.2,10140.9
53877,2021-04-01 10:16:00,29.9,1023.3,23,81,13.2,1.1,10056.1
53882,2021-04-01 10:16:00,30.2,1025.1,6,176,12.2,1.0,10296.3
53884,2021-04-01 10:16:00,29.7,1024.9,89,61,6.2,0.0,10401.3
53959,2021-04-01 10:16:00,1.5,1007.6,76,102,1.7,0.7,10243.4
53963,2021-04-01 10:16:00,27.4,1018.3,28,284,2.6,0.9,10436.1
53968,2021-04-01 10:16:00,14.8,1009.7,68,45,5.8,0.8,10214.5
53975,2021-04-01 10:16:00,1.6,1011.3,77,71,0.9,1.2,10126.0
57052,2021-04-01 10:16:00,29.4,1023.2,18,75,2.0,0.5,10298.9
53646,2021-04-01 10:16:00,3.2,1018.9,91,277,4.2,0.1,10088.0
53651,2021-04-01 10:16:00,2.2,1003.9,99,152,8.6,1.3,10218.7
53725,2021-04-01 10:16:00,5.8,1017.6,23,218,3.2,1.0,10475.4
53735,2021-04-01 10:16:00,20.3,1026.2,46,353,10.6,0.7,10428.1
53738,2021-04-01 10:16:00,13.8,1020.5,91,6,9.6,1.2,10413.1
53740,2021-04-01 10:16:00,19.0,1025.9,50,230,11.8,0.4,10033.5
53754,2021-04-01 10:16:00,27.7,1024.7,84,272,6.1,0.5,10438.0
53845,2021-04-01 10:16:00,28.2,1011.8,57,314,7.5,0.2,10015.9
53854,2021-04-01 10:16:00,10.3,1007.2,33,149,7.9,0.6,10233.7
53929,2021-04-01 10:16:00,11.8,1013.4,5,126,0.4,1.3,10281.6
53942,2021-04-01 10:16:00,7.2,1007.3,23,161,2.3,1.3,10340.7
53948,2021-04-01 10:16:00,0.3,1000.5,21,177,2.3,0.1,10408.5
53955,2021-04-01 10:16:00,0.6,1004.9,64,53,4.8,0.0,10402.2
57003,2021-04-01 10:16:00,33.5,1003.0,23,46,2.5,0.6,10114.5
57025,2021-04-01 10:16:00,13.2,1024.5,2,105,8.5,0.4,10346.5
57028,2021-04-01 10:16:00,19.5,1026.1,25,162,9.8,0.0,10252.0
57030,2021-04-01 10:16:00,15.2,1009.3,84,113,10.4,1.4,10189.5
57034,2021-04-01 10:16:00,0.0,1016.9,54,353,6.5,0.7,10089.6
57037,2021-04-01 10:16:00,13.0,1009.4,66,343,8.4,0.6,10202.4
57046,2021-04-01 10:16:00,33.8,1022.2,20,120,12.6,1.5,10353.2
57048,2021-04-01 10:16:00,16.7,1011.1,47,248,11.7,0.5,10073.1
57049,2021-04-01 10:16:00,18.8,1001.4,85,126,7.6,0.1,10479.7
57106,2021-04-01 10:16:00,11.4,1008.1,4,125,2.0,1.2,10313.6
57124,2021-04-01 10:16:00,7.8,1025.4,41,48,8.1,1.5,10283.9
57127,2021-04-01 10:16:00,16.6,1023.8,35,26,0.0,0.0,10039.5
57131,2021-04-01 10:16:00,31.2,1005.8,60,300,4.3,1.1,10286.5
57134,2021-04-01 10:16:00,2.6,1001.9,31,282,5.1,0.9,10057.5
57140,2021-04-01 10:16:00,28.7,1020.4,8,220,9.3,0.7,10316.6
57143,2021-04-01 10:16:00,3.1,1009.1,21,216,12.1,0.6,10371.1
57144,2021-04-01 10:16:00,25.4,1017.4,61,42,10.2,0.7,10280.3
57154,2021-04-01 10:16:00,1.3,1007.2,2,264,5.1,0.3,10255.1
57211,2021-04-01 10:16:00,32.7,1017.0,26,136,6.9,1.2,10236.6
57232,2021-04-01 10:16:00,27.1,1009.1,17,50,9.7,1.2,10062.7
57238,2021-04-01 10:16:00,23.1,1018.2,53,324,13.1,0.8,10191.1
57245,2021-04-01 10:16:00,20.5,1010.6,70,11,0.3,1.5,10466.9
57343,2021-04-01 10:16:00,0.3,1005.7,27,239,6.9,0.8,10329.5
58362,2021-04-01 10:16:00,15.4,1016.0,44,254,7.6,0.3,10162.8
56038,2021-04-01 10:16:00,24.9,1000.7,76,76,4.1,0.0,10431.0
56079,2021-04-01 10:16:00,4.5,1018.9,79,241,13.0,1.2,10316.9
56144,2021-04-01 10:16:00,20.9,1013.6,45,22,7.5,0.7,10330.9
56146,2021-04-01 10:16:00,25.4,1016.2,41,327,6.9,0.7,10323.7
56152,2021-04-01 10:16:00,13.2,1006.9,40,183,14.3,0.2,10334.7
56167,2021-04-01 10:16:00,24.2,1005.1,64,341,4.3,1.0,10275.8
56172,2021-04-01 10:16:00,4.1,1024.4,20,231,11.5,1.1,10227.5
56173,2021-04-01 10:16:00,9.5,1008.1,7,259,11.5,1.4,10057.6
56178,2021-04-01 10:16:00,21.3,1004.6,22,345,2.7,0.8,10357.1
56182,2021-04-01 10:16:00,7.1,1021.8,33,106,7.5,1.5,10420.8
56187,2021-04-01 10:16:00,5.8,1007.1,95,43,13.5,0.1,10107.0
56188,2021-04-01 10:16:00,21.5,1007.9,60,327,6.7,0.9,10219.1
56196,2021-04-01 10:16:00,4.2,1009.3,66,30,9.6,1.4,10225.3
56247,2021-04-01 10:16:00,14.4,1005.0,68,195,3.1,1.1,10131.0
56251,2021-04-01 10:16:00,27.8,1020.4,75,118,9.2,1.2,10173.7
56257,2021-04-01 10:16:00,30.4,1023.1,81,4,1.7,0.3,10098.2
56287,2021-04-01 10:16:00,17.7,1016.9,71,147,12.4,0.3,10489.4
56357,2021-04-01 10:16:00,11.9,1024.1,97,164,2.8,0.0,10463.5
56374,2021-04-01 10:16:00,30.2,1025.0,95,119,6.6,0.4,10193.5
56385,2021-04-01 10:16:00,22.0,1012.0,72,191,2.6,1.1,10207.6
56386,2021-04-01 10:16:00,10.6,1000.2,8,68,5.3,0.5,10072.0
56459,2021-04-01 10:16:00,19.3,1024.9,90,249,14.2,0.9,10046.2
56462,2021-04-01 10:16:00,25.6,1009.1,86,124,1.9,0.3,10331.3
56475,2021-04-01 10:16:00,26.0,1000.1,2,318,9.2,0.0,10183.8
56479,2021-04-01 10:16:00,1.7,1016.7,18,176,7.2,0.0,10172.9
56485,2021-04-01 10:16:00,32.9,1021.0,44,205,2.1,0.4,10073.9
56492,2021-04-01 10:16:00,23.0,1007.7,1,27,2.5,0.1,10112.3
56565,2021-04-01 10:16:00,13.1,1000.9,28,264,2.2,1.3,10368.7
56571,2021-04-01 10:16:00,26.5,1010.5,25,299,8.5,1.3,10060.1
56666,2021-04-01 10:16:00,8.6,1006.2,52,296,12.2,0.2,10099.1
56671,2021-04-01 10:16:00,3.2,1020.1,97,359,5.3,0.8,10489.2
57206,2021-04-01 10:16:00,28.8,1009.6,71,265,5.7,0.5,10432.2
57237,2021-04-01 10:16:00,11.0,1005.0,44,88,3.8,0.3,10271.2
57306,2021-04-01 10:16:00,10.5,1024.5,95,92,2.7,0.5,10340.3
57313,2021-04-01 10:16:00,12.6,1014.1,63,15,7.2,0.7,10363.8
57314,2021-04-01 10:16:00,8.1,1021.4,54,8,4.5,0.3,10434.8
57328,2021-04-01 10:16:00,1.9,1025.9,47,76,5.5,0.9,10354.0
57405,2021-04-01 10:16:00,7.2,1025.4,76,148,1.9,0.5,10443.5
57411,2021-04-01 10:16:00,33.6,1008.6,73,210,10.7,0.7,10014.1
57503,2021-04-01 10:16:00,19.9,1024.1,53,19,0.5,0.9,10042.6
57604,2021-04-01 10:16:00,34.9,1010.4,53,159,10.8,0.6,10377.0
57608,2021-04-01 10:16:00,26.3,1021.5,84,90,0.1,0.6,10499.6
54525,2021-04-01 10:16:00,9.8,1011.1,31,29,4.7,0.3,10111.9
54527,2021-04-01 10:16:00,8.4,1015.5,18,319,3.8,0.9,10231.0
54623,2021-04-01 10:16:00,7.9,1007.0,19,228,11.4,1.0,10422.8
55228,2021-04-01 10:16:00,6.1,1003.8,56,250,11.3,0.7,10438.5
55248,2021-04-01 10:16:00,12.6,1023.6,80,96,13.5,1.0,10378.0
55279,2021-04-01 10:16:00,19.2,1016.2,79,141,5.9,0.7,10195.2
55294,2021-04-01 10:16:00,17.2,1020.6,84,132,10.1,0.5,10346.6
55299,2021-04-01 10:16:00,21.0,1024.0,50,341,9.8,1.2,10496.8
55437,2021-04-01 10:16:00,18.2,1012.5,33,279,4.9,0.0,10376.9
55472,2021-04-01 10:16:00,16.9,1020.6,75,80,9.5,0.4,10017.5
55493,2021-04-01 10:16:00,6.2,1013.6,47,205,7.2,0.1,10241.0
55569,2021-04-01 10:16:00,0.7,1021.9,91,314,11.2,1.5,10109.0
55578,2021-04-01 10:16:00,8.7,1002.1,19,16,4.3,0.3,10375.1
55585,2021-04-01 10:16:00,33.8,1014.9,72,298,14.5,0.5,10413.8
55591,2021-04-01 10:16:00,30.4,1021.6,14,258,10.5,1.1,10439.7
55598,2021-04-01 10:16:00,3.1,1013.8,53,65,12.9,0.3,10003.4
55655,2021-04-01 10:16:00,17.8,1013.9,87,264,13.0,0.9,10134.5
55664,2021-04-01 10:16:00,34.8,1005.2,36,198,3.1,1.5,10140.1
55680,2021-04-01 10:16:00,10.2,1021.1,49,280,1.0,1.3,10320.3
55681,2021-04-01 10:16:00,10.6,1012.6,26,36,1.9,0.1,10430.2
55690,2021-04-01 10:16:00,32.6,1015.7,54,322,0.9,0.4,10319.3
55696,2021-04-01 10:16:00,14.2,1005.6,27,155,11.3,1.0,10175.0
55773,2021-04-01 10:16:00,11.7,1016.3,36,12,8.1,0.7,10248.2
56106,2021-04-01 10:16:00,5.3,1024.8,15,78,2.4,0.7,10349.9
56116,2021-04-01 10:16:00,18.3,1003.0,10,147,14.5,0.2,10152.8
56137,2021-04-01 10:16:00,17.5,1024.1,37,225,5.7,1.0,10164.2
56202,2021-04-01 10:16:00,19.2,1022.8,100,156,10.3,1.0,10146.1
56223,2021-04-01 10:16:00,26.9,1013.4,33,230,11.9,0.2,10296.8
56227,2021-04-01 10:16:00,25.8,1006.4,49,171,1.0,0.1,10038.5
56312,2021-04-01 10:16:00,19.8,1011.3,81,211,8.2,1.2,10009.5
56331,2021-04-01 10:16:00,16.7,1017.4,22,234,6.3,0.8,10146.7
56434,2021-04-01 10:16:00,28.3,1014.6,20,163,12.7,0.3,10208.7
51053,2021-04-01 10:16:00,7.5,1005.5,28,314,3.9,0.7,10231.9
51059,2021-04-01 10:16:00,32.0,1007.7,29,248,10.7,0.8,10038.2
51060,2021-04-01 10:16:00,31.2,1024.8,81,291,1.2,0.9,10444.9
51068,2021-04-01 10:16:00,17.8,1016.9,76,46,8.0,0.2,10417.6
51076,2021-04-01 10:16:00,17.5,1011.0,88,176,0.0,1.0,10025.7
51087,2021-04-01 10:16:00,26.2,1007.4,41,133,2.3,0.4,10386.7
51133,2021-04-01 10:16:00,21.8,1005.3,26,170,5.8,0.1,10029.1
51156,2021-04-01 10:16:00,28.7,1022.8,99,32,3.2,0.6,10165.0
51186,2021-04-01 10:16:00,7.8,1026.2,100,305,12.2,1.1,10062.9
51232,2021-04-01 10:16:00,21.3,1015.3,37,206,14.5,1.2,10101.5
51238,2021-04-01 10:16:00,32.2,1015.4,65,261,12.4,0.1,10071.2
51241,2021-04-01 10:16:00,6.5,1021.4,30,206,10.3,0.8,10307.3
51243,2021-04-01 10:16:00,28.9,1016.9,57,322,2.8,0.4,10395.8
51288,2021-04-01 10:16:00,9.1,1007.2,14,167,0.2,0.1,10377.5
51330,2021-04-01 10:16:00,8.5,1003.5,5,300,12.1,0.9,10484.6
51334,2021-04-01 10:16:00,18.0,1022.5,50,29,10.5,1.5,10481.0
51346,2021-04-01 10:16:00,32.0,1022.9,95,139,11.5,0.6,10168.1
51358,2021-04-01 10:16:00,29.6,1019.7,34,16,10.9,1.4,10009.7
51365,2021-04-01 10:16:00,27.5,1001.7,18,153,12.4,1.4,10294.6
51367,2021-04-01 10:16:00,21.6,1023.0,60,234,0.5,0.8,10349.4
51379,2021-04-01 10:16:00,3.0,1007.2,12,24,9.8,0.5,10146.6
51431,2021-04-01 10:16:00,20.7,1025.6,31,207,12.4,1.1,10012.4
51433,2021-04-01 10:16:00,23.1,1018.2,28,29,0.9,0.5,10070.6
51437,2021-04-01 10:16:00,19.2,1009.8,1,183,11.8,0.3,10403.9
51463,2021-04-01 10:16:00,20.8,1003.3,54,338,0.7,1.2,10127.5
51467,2021-04-01 10:16:00,12.7,1000.3,39,109,3.5,0.8,10140.0
51469,2021-04-01 10:16:00,1.2,1019.9,33,234,4.6,0.3,10047.8
51470,2021-04-01 10:16:00,8.0,1002.0,12,173,3.3,0.3,10347.4
51477,2021-04-01 10:16:00,20.0,1009.8,8,49,9.3,0.8,10439.9
51495,2021-04-01 10:16:00,10.0,1025.0,34,288,0.0,1.2,10044.1
51526,2021-04-01 10:16:00,25.4,1004.4,59,14,12.8,0.6,10154.0
51542,2021-04-01 10:16:00,11.2,1001.1,90,326,6.6,0.0,10201.1
51567,2021-04-01 10:16:00,1.4,1013.3,9,115,3.6,0.7,10255.8
51573,2021-04-01 10:16:00,3.6,1022.8,56,252,10.3,1.3,10453.4
51581,2021-04-01 10:16:00,8.2,1016.3,75,191,10.7,1.3,10421.1
51628,2021-04-01 10:16:00,23.7,1018.2,31,356,8.3,0.7,10387.7
51633,2021-04-01 10:16:00,22.0,1018.4,35,54,13.5,1.4,10468.4
51639,2021-04-01 10:16:00,12.4,1018.0,47,195,13.8,0.5,10174.1
51642,2021-04-01 10:16:00,16.7,1007.2,32,238,0.7,1.4,10470.2
51644,2021-04-01 10:16:00,5.3,1008.1,80,335,7.0,0.9,10265.3
51655,2021-04-01 10:16:00,15.8,1018.4,27,108,5.0,1.2,10176.8
51656,2021-04-01 10:16:00,2.6,1022.2,24,41,11.4,0.1,10173.3
51701,2021-04-01 10:16:00,6.7,1012.5,56,169,1.7,0.6,10335.2
51704,2021-04-01 10:16:00,9.4,1007.9,42,102,13.7,0.8,10029.7
51705,2021-04-01 10:16:00,11.2,1023.2,73,234,1.1,1.4,10258.7
51709,2021-04-01 10:16:00,17.9,1023.3,89,231,6.3,1.1,10483.8
51711,2021-04-01 10:16:00,10.9,1008.2,29,204,11.2,0.7,10038.0
51716,2021-04-01 10:16:00,0.4,1010.1,86,26,6.8,0.3,10008.4
51720,2021-04-01 10:16:00,28.6,1008.4,50,135,3.3,0.6,10190.5
51730,2021-04-01 10:16:00,27.0,1001.2,56,180,3.1,1.5,10066.3
51747,2021-04-01 10:16:00,11.3,1011.2,24,105,9.4,0.7,10391.5
51765,2021-04-01 10:16:00,1.5,1003.1,96,289,10.9,0.8,10250.1
51777,2021-04-01 10:16:00,16.2,1011.1,49,15,11.3,1.0,10173.1
51804,2021-04-01 10:16:00,26.6,1012.4,33,213,9.6,0.7,10230.8
51810,2021-04-01 10:16:00,31.4,1006.8,17,175,4.2,1.5,10337.7
51811,2021-04-01 10:16:00,25.1,1007.9,63,86,13.0,0.9,10130.3
51818,2021-04-01 10:16:00,9.6,1021.4,36,349,10.5,0.8,10495.8
51828,2021-04-01 10:16:00,24.0,1011.6,7,57,6.2,0.2,10428.8
51839,2021-04-01 10:16:00,4.2,1022.5,68,330,6.3,1.1,10237.5
51855,2021-04-01 10:16:00,31.6,1025.6,71,45,12.2,0.9,10243.3
51931,2021-04-01 10:16:00,13.0,1008.9,31,235,13.8,1.4,10167.7
52101,2021-04-01 10:16:00,15.5,1023.2,73,206,9.0,0.7,10366.8
52112,2021-04-01 10:16:00,18.5,1012.6,98,272,0.1,1.2,10423.3
52118,2021-04-01 10:16:00,20.9,1010.6,25,183,2.9,1.4,10351.1
52203,2021-04-01 10:16:00,25.3,1018.9,64,5,2.6,1.0,10019.9
52313,2021-04-01 10:16:00,26.6,1016.7,70,160,1.6,0.6,10265.0
56444,2021-04-01 10:16:00,34.9,1009.3,63,280,14.6,0.4,10410.4
56533,2021-04-01 10:16:00,9.5,1025.3,80,286,13.2,0.7,10231.6
56543,2021-04-01 10:16:00,3.2,1003.4,63,275,3.1,0.2,10438.2
56548,2021-04-01 10:16:00,34.2,1022.7,26,93,3.4,0.3,10020.9
56586,2021-04-01 10:16:00,0.5,1025.7,14,208,1.2,0.3,10125.9
56643,2021-04-01 10:16:00,29.9,1016.4,41,358,2.0,0.3,10149.5
56651,2021-04-01 10:16:00,26.9,1001.1,20,65,7.8,0.5,10068.9
56664,2021-04-01 10:16:00,8.5,1003.9,6,308,8.3,1.4,10052.1
56684,2021-04-01 10:16:00,31.0,1022.7,28,9,6.6,1.2,10388.9
56739,2021-04-01 10:16:00,13.5,1017.0,98,109,6.1,0.2,10120.5
56748,2021-04-01 10:16:00,3.6,1005.1,25,15,9.0,0.3,10382.3
56751,2021-04-01 10:16:00,5.1,1021.9,86,269,4.0,0.2,10172.6
56763,2021-04-01 10:16:00,19.3,1018.0,39,323,10.4,1.0,10233.8
56768,2021-04-01 10:16:00,19.0,1004.0,95,53,13.0,0.0,10445.5
56778,2021-04-01 10:16:00,10.6,1010.7,91,77,4.5,0.6,10247.2
56786,2021-04-01 10:16:00,18.0,1017.7,67,303,14.3,0.3,10426.8
56838,2021-04-01 10:16:00,5.7,1009.1,82,239,12.3,0.0,10455.7
56856,2021-04-01 10:16:00,7.2,1016.0,21,262,0.0,1.4,10449.8
56872,2021-04-01 10:16:00,6.3,1019.8,51,277,4.2,1.2,10067.8
56875,2021-04-01 10:16:00,27.7,1015.9,20,95,7.3,0.5,10365.7
56886,2021-04-01 10:16:00,17.1,1003.1,64,91,13.9,0.1,10039.4
56946,2021-04-01 10:16:00,22.1,1015.4,67,23,10.9,0.6,10314.0
56950,2021-04-01 10:16:00,20.2,1014.9,7,202,6.5,0.8,10153.6
56951,2021-04-01 10:16:00,14.7,1018.2,27,179,10.8,0.9,10193.1
56954,2021-04-01 10:16:00,30.1,1023.3,55,29,7.6,1.3,10339.0
56959,2021-04-01 10:16:00,9.9,1009.1,64,221,3.7,0.1,10389.6
56964,2021-04-01 10:16:00,13.7,1002.9,75,158,2.6,1.2,10265.9
56966,2021-04-01 10:16:00,23.3,1009.2,25,2,13.6,1.0,10329.9
56969,2021-04-01 10:16:00,4.9,1017.7,30,87,8.2,1.1,10070.8
56977,2021-04-01 10:16:00,24.9,1013.9,29,177,7.3,0.8,10100.5
56985,2021-04-01 10:16:00,32.3,1002.0,88,9,14.5,1.3,10021.2
56986,2021-04-01 10:16:00,24.7,1024.4,72,156,3.3,1.5,10391.2
56991,2021-04-01 10:16:00,30.4,1015.7,25,315,14.7,0.5,10408.4
59007,2021-04-01 10:16:00,17.0,1024.3,23,42,4.3,0.2,10276.1
58448,2021-04-01 10:16:00,20.1,1024.1,83,38,7.2,0.5,10253.1
58450,2021-04-01 10:16:00,26.6,1023.9,7,34,2.8,1.4,10334.0
58457,2021-04-01 10:16:00,7.9,1008.5,33,12,7.3,0.9,10203.1
58464,2021-04-01 10:16:00,23.9,1009.2,94,283,10.1,1.5,10061.4
58467,2021-04-01 10:16:00,4.6,1007.0,70,56,6.8,0.3,10301.4
58472,2021-04-01 10:16:00,18.0,1024.4,87,93,1.0,0.4,10113.5
58477,2021-04-01 10:16:00,5.1,1023.7,70,2,14.8,0.2,10267.3
58543,2021-04-01 10:16:00,7.8,1007.6,35,155,12.5,0.8,10281.2
58549,2021-04-01 10:16:00,0.2,1020.5,49,136,6.7,0.5,10255.3
58553,2021-04-01 10:16:00,22.6,1012.4,40,118,10.0,1.3,10009.2
58556,2021-04-01 10:16:00,28.1,1011.9,100,321,9.2,0.9,10476.7
58557,2021-04-01 10:16:00,11.8,1024.3,92,115,13.6,0.1,10058.6
58562,2021-04-01 10:16:00,1.2,1003.5,13,240,5.3,0.0,10347.5
58569,2021-04-01 10:16:00,11.1,1013.6,62,128,0.7,0.8,10189.8
58633,2021-04-01 10:16:00,8.0,1002.5,84,0,4.6,0.6,10260.1
58646,2021-04-01 10:16:00,14.7,1008.5,26,310,2.8,0.8,10207.3
58652,2021-04-01 10:16:00,17.7,1010.9,60,208,0.1,0.4,10492.2
58665,2021-04-01 10:16:00,25.8,1006.1,89,287,12.0,0.1,10152.3
58666,2021-04-01 10:16:00,16.0,1013.9,27,77,2.6,0.9,10149.9
58667,2021-04-01 10:16:00,4.9,1024.4,79,23,9.9,0.4,10187.7
58742,2021-04-01 10:16:00,28.5,1004.9,44,298,6.8,0.7,10349.1
58752,2021-04-01 10:16:00,13.0,1013.9,99,206,1.7,0.3,10301.1
58760,2021-04-01 10:16:00,30.2,1015.6,94,137,3.8,0.3,10338.0
57348,2021-04-01 10:16:00,31.3,1002.1,16,137,12.7,0.9,10228.9
57426,2021-04-01 10:16:00,34.3,1020.1,100,158,7.6,0.6,10263.2
57432,2021-04-01 10:16:00,18.1,1010.9,36,138,3.0,1.4,10418.2
57502,2021-04-01 10:16:00,5.1,1007.8,51,297,5.9,0.3,10468.3
57512,2021-04-01 10:16:00,24.7,1011.7,13,64,4.8,1.1,10337.3
57516,2021-04-01 10:16:00,14.2,1008.8,7,213,12.4,0.1,10496.6
57517,2021-04-01 10:16:00,27.3,1022.5,74,21,10.1,0.0,10285.0
57520,2021-04-01 10:16:00,17.4,1001.9,17,142,1.9,0.7,10001.7
57523,2021-04-01 10:16:00,0.4,1007.4,79,168,13.1,0.2,10118.6
57536,2021-04-01 10:16:00,2.3,1018.8,47,46,9.3,1.2,10185.9
57612,2021-04-01 10:16:00,29.6,1017.5,77,282,11.2,1.3,10427.0
57633,2021-04-01 10:16:00,18.4,1010.9,95,97,0.4,0.7,10268.5
