58015,2021-04-01 09:53:00,16.5,1004.8,91,30,9.2,0.4,10058.0
58102,2021-04-01 09:53:00,9.8,1007.3,50,357,5.8,0.0,10371.0
58118,2021-04-01 09:53:00,25.3,1016.7,87,45,3.1,1.5,10297.2
58122,2021-04-01 09:53:00,32.9,1023.7,72,193,11.9,0.2,10162.4
58203,2021-04-01 09:53:00,24.9,1012.9,9,117,9.4,1.4,10462.0
58215,2021-04-01 09:53:00,29.1,1000.3,93,243,0.1,0.9,10075.1
58221,2021-04-01 09:53:00,0.6,1000.5,60,347,2.0,1.4,10491.0
58225,2021-04-01 09:53:00,16.5,1003.9,77,195,8.1,1.1,10417.8
58236,2021-04-01 09:53:00,3.6,1010.5,64,157,3.1,1.1,10425.0
58311,2021-04-01 09:53:00,23.9,1005.1,55,33,12.2,1.0,10050.6
58314,2021-04-01 09:53:00,19.8,1025.4,43,175,12.5,0.5,10247.0
58319,2021-04-01 09:53:00,11.6,1020.2,16,218,14.8,0.8,10168.5
58321,2021-04-01 09:53:00,1.5,1006.6,55,24,1.7,0.9,10112.5
58326,2021-04-01 09:53:00,2.7,1024.7,2,256,6.6,0.7,10164.3
58336,2021-04-01 09:53:00,30.5,1025.4,31,341,9.3,1.2,10394.0
58338,2021-04-01 09:53:00,4.8,1024.1,53,227,7.3,0.3,10414.5
58414,2021-04-01 09:53:00,20.4,1021.6,32,226,5.3,1.3,10263.6
58419,2021-04-01 09:53:00,20.8,1016.7,97,350,9.9,0.9,10198.7
58424,2021-04-01 09:53:00,17.7,1015.8,93,75,0.9,1.4,10447.6
58429,2021-04-01 09:53:00,13.3,1013.2,67,155,7.3,1.4,10384.5
58436,2021-04-01 09:53:00,11.0,1019.2,13,240,14.9,1.5,10094.0
58437,2021-04-01 09:53:00,4.9,1025.5,22,84,8.7,0.5,10310.2
58520,2021-04-01 09:53:00,32.9,1020.5,98,216,2.0,0.9,10243.7
58531,2021-04-01 09:53:00,13.7,1002.8,82,115,1.0,1.1,10474.6
54406,2021-04-01 09:53:00,31.7,1005.7,6,282,5.6,0.9,10178.0
54416,2021-04-01 09:53:00,1.9,1004.9,34,219,4.4,0.2,10452.8
54511,2021-04-01 09:53:00,5.2,1015.3,35,55,13.8,1.1,10228.7
58725,2021-04-01 09:53:00,34.5,1025.2,44,201,13.5,0.8,10496.1
58730,2021-04-01 09:53:00,1.7,1021.8,88,341,9.2,0.8,10094.5
58731,2021-04-01 09:53:00,23.3,1018.3,23,286,7.7,1.5,10063.6
58734,2021-04-01 09:53:00,9.9,1017.8,6,230,8.6,0.3,10159.9
58737,2021-04-01 09:53:00,26.5,1005.9,17,277,4.6,0.8,10193.7
58744,2021-04-01 09:53:00,8.6,1025.1,57,20,1.0,1.5,10175.4
58754,2021-04-01 09:53:00,27.9,1000.7,82,303,10.5,0.3,10468.8
58818,2021-04-01 09:53:00,24.1,1019.2,81,169,2.5,0.9,10270.9
58820,2021-04-01 09:53:00,1.6,1022.2,57,290,0.1,0.0,10307.1
58834,2021-04-01 09:53:00,27.7,1015.4,60,244,7.1,0.3,10292.2
58837,2021-04-01 09:53:00,13.0,1025.9,30,317,5.6,1.0,10333.9
58843,2021-04-01 09:53:00,0.0,1024.2,4,239,2.9,0.3,10149.8
58846,2021-04-01 09:53:00,8.2,1004.5,32,142,4.9,0.3,10140.2
58847,2021-04-01 09:53:00,29.8,1014.9,45,323,14.6,0.7,10392.7
58911,2021-04-01 09:53:00,30.1,1026.4,4,170,3.9,0.8,10151.7
58918,2021-04-01 09:53:00,3.2,1003.5,81,219,11.4,1.5,10478.7
58921,2021-04-01 09:53:00,1.9,1021.0,19,234,9.3,0.9,10221.2
58926,2021-04-01 09:53:00,10.9,1023.8,42,245,10.0,0.1,10414.7
58927,2021-04-01 09:53:00,18.6,1008.3,88,305,6.7,0.6,10043.4
58931,2021-04-01 09:53:00,29.3,1002.5,7,344,12.2,0.7,10098.1
58933,2021-04-01 09:53:00,30.5,1012.4,27,162,4.7,0.0,10458.5
58936,2021-04-01 09:53:00,11.6,1016.8,66,72,3.6,1.4,10337.3
58944,2021-04-01 09:53:00,11.9,1001.1,31,314,13.9,1.4,10396.7
59113,2021-04-01 09:53:00,6.6,1008.3,19,349,3.3,0.9,10260.1
59126,2021-04-01 09:53:00,1.4,1018.9,41,264,14.0,1.4,10192.9
59133,2021-04-01 09:53:00,31.0,1001.5,16,327,11.5,0.5,10240.5
59134,2021-04-01 09:53:00,18.7,1017.9,95,190,13.7,0.4,10033.1
59321,2021-04-01 09:53:00,7.3,1012.2,29,257,0.3,0.2,10452.7
52323,2021-04-01 09:53:00,34.0,1001.8,32,184,3.9,0.3,10207.2
52418,2021-04-01 09:53:00,6.7,1018.2,19,89,0.7,0.2,10414.7
52424,2021-04-01 09:53:00,14.1,1000.2,14,265,10.8,0.7,10161.7
52436,2021-04-01 09:53:00,29.7,1024.1,97,154,12.6,0.4,10058.0
52446,2021-04-01 09:53:00,0.3,1014.9,22,127,4.8,0.4,10266.1
52447,2021-04-01 09:53:00,28.0,1016.8,4,311,2.2,1.0,10137.4
52533,2021-04-01 09:53:00,21.0,1022.8,43,45,2.7,1.1,10288.8
52546,2021-04-01 09:53:00,2.4,1019.9,3,283,14.7,0.6,10257.7
52652,2021-04-01 09:53:00,13.5,1007.6,74,192,0.0,0.3,10016.2
52661,2021-04-01 09:53:00,21.3,1020.1,36,8,3.1,0.7,10079.4
52674,2021-04-01 09:53:00,30.9,1007.5,5,276,12.3,1.0,10128.1
52679,2021-04-01 09:53:00,23.7,1022.5,77,277,12.1,0.6,10333.3
52681,2021-04-01 09:53:00,18.2,1008.3,32,144,10.4,0.8,10284.3
52787,2021-04-01 09:53:00,30.3,1022.8,22,265,0.7,0.0,10033.1
52797,2021-04-01 09:53:00,6.6,1022.4,57,196,1.6,0.9,10022.1
52884,2021-04-01 09:53:00,31.7,1026.1,79,221,6.7,0.2,10143.3
52895,2021-04-01 09:53:00,3.8,1019.9,5,29,6.4,1.1,10389.7
52983,2021-04-01 09:53:00,29.2,1026.1,4,136,4.7,0.8,10183.8
52984,2021-04-01 09:53:00,33.7,1006.7,79,196,3.4,1.1,10048.2
52986,2021-04-01 09:53:00,14.7,1019.5,30,294,11.1,1.1,10112.8
52996,2021-04-01 09:53:00,7.9,1006.6,19,89,9.5,0.2,10423.7
53821,2021-04-01 09:53:00,22.8,1003.9,33,259,5.3,0.3,10119.7
53915,2021-04-01 09:53:00,13.6,1010.4,90,138,9.4,1.5,10367.0
53923,2021-04-01 09:53:00,16.5,1026.1,100,4,5.8,0.8,10016.0
56074,2021-04-01 09:53:00,5.9,1003.5,67,190,14.8,0.4,10078.6
56080,2021-04-01 09:53:00,9.7,1022.9,99,206,7.0,1.0,10194.5
56093,2021-04-01 09:53:00,26.1,1022.8,45,125,7.9,0.1,10431.9
56096,2021-04-01 09:53:00,27.5,1013.0,91,105,11.3,0.5,10337.7
57014,2021-04-01 09:53:00,22.0,1017.9,21,304,0.4,0.6,10478.1
57996,2021-04-01 09:53:00,31.4,1022.0,15,229,8.4,1.2,10453.3
59072,2021-04-01 09:53:00,30.8,1012.1,93,300,11.4,0.8,10182.7
59082,2021-04-01 09:53:00,19.4,1003.2,42,179,2.9,0.7,10175.3
59087,2021-04-01 09:53:00,4.3,1007.7,68,216,4.1,0.3,10041.8
59088,2021-04-01 09:53:00,4.6,1003.6,8,241,0.1,0.5,10047.3
59096,2021-04-01 09:53:00,0.5,1010.7,6,5,13.3,0.5,10046.8
59097,2021-04-01 09:53:00,5.3,1014.5,36,74,10.7,0.4,10184.0
59107,2021-04-01 09:53:00,24.4,1011.1,91,241,3.3,1.3,10282.5
59116,2021-04-01 09:53:00,29.7,1006.9,63,73,12.7,0.1,10223.4
59117,2021-04-01 09:53:00,11.4,1003.9,25,47,13.1,0.1,10077.5
59271,2021-04-01 09:53:00,14.4,1009.3,43,114,1.3,0.9,10129.2
59278,2021-04-01 09:53:00,6.2,1024.5,75,61,1.8,1.2,10409.5
59280,2021-04-01 09:53:00,24.4,1014.1,45,199,7.5,1.0,10185.4
59287,2021-04-01 09:53:00,9.2,1021.9,31,134,7.3,1.0,10377.9
59289,2021-04-01 09:53:00,26.7,1011.2,18,310,11.5,1.5,10354.0
59293,2021-04-01 09:53:00,23.7,1019.6,98,135,9.3,1.5,10227.9
59294,2021-04-01 09:53:00,18.4,1022.3,64,356,1.4,0.3,10481.6
59298,2021-04-01 09:53:00,20.7,1012.7,52,335,9.6,1.3,10116.2
59303,2021-04-01 09:53:00,32.9,1009.7,83,65,2.4,1.1,10145.7
59304,2021-04-01 09:53:00,13.7,1019.9,86,184,14.7,1.4,10033.7
59306,2021-04-01 09:53:00,33.1,1009.6,49,254,4.4,0.8,10229.2
59310,2021-04-01 09:53:00,33.1,1015.1,71,169,8.9,0.2,10075.3
59316,2021-04-01 09:53:00,32.4,1004.0,26,339,14.5,1.5,10466.5
59317,2021-04-01 09:53:00,6.8,1001.3,85,53,6.7,1.3,10243.9
59324,2021-04-01 09:53:00,2.1,1000.1,69,298,1.2,0.1,10022.3
59456,2021-04-01 09:53:00,33.2,1015.4,88,76,0.0,1.0,10095.4
59462,2021-04-01 09:53:00,31.2,1007.4,62,79,13.9,0.2,10356.2
59478,2021-04-01 09:53:00,19.5,1004.0,27,228,5.5,1.1,10065.9
59485,2021-04-01 09:53:00,22.3,1001.4,11,82,14.0,1.0,10389.9
59488,2021-04-01 09:53:00,13.8,1011.0,17,162,7.6,0.0,10249.2
59493,2021-04-01 09:53:00,21.0,1026.4,48,270,4.8,0.8,10407.3
59501,2021-04-01 09:53:00,32.0,1006.3,92,156,4.5,0.6,10108.1
59658,2021-04-01 09:53:00,14.0,1002.6,10,336,1.5,0.7,10198.7
59663,2021-04-01 09:53:00,1.3,1004.4,71,284,14.7,0.2,10359.7
59664,2021-04-01 09:53:00,1.3,1017.4,10,322,0.8,0.1,10033.0
59673,2021-04-01 09:53:00,33.9,1018.2,27,100,1.6,0.6,10055.1
59754,2021-04-01 09:53:00,18.7,1009.6,65,102,1.9,0.1,10027.7
57947,2021-04-01 09:53:00,26.8,1002.4,61,324,4.3,1.4,10385.3
57957,2021-04-01 09:53:00,8.2,1016.9,41,256,6.3,0.5,10218.7
57958,2021-04-01 09:53:00,14.8,1013.1,96,314,2.4,1.0,10160.0
59021,2021-04-01 09:53:00,23.8,1010.9,67,243,8.0,0.6,10085.4
59023,2021-04-01 09:53:00,28.6,1021.5,9,327,0.1,0.9,10112.0
59027,2021-04-01 09:53:00,11.5,1007.1,94,159,7.2,0.5,10243.1
59037,2021-04-01 09:53:00,8.3,1006.4,79,4,9.1,1.3,10238.3
59046,2021-04-01 09:53:00,9.4,1008.4,38,357,14.3,0.3,10278.5
59058,2021-04-01 09:53:00,6.5,1023.8,31,36,4.5,1.1,10355.9
59065,2021-04-01 09:53:00,15.2,1021.2,49,114,6.5,0.5,10181.5
59209,2021-04-01 09:53:00,16.3,1016.3,42,48,1.2,1.1,10289.7
59211,2021-04-01 09:53:00,7.0,1005.9,95,270,9.4,1.5,10151.3
59218,2021-04-01 09:53:00,6.1,1003.9,93,235,2.7,0.6,10470.5
59228,2021-04-01 09:53:00,18.0,1018.5,8,231,12.7,0.3,10264.4
59242,2021-04-01 09:53:00,25.7,1023.0,52,285,13.0,0.4,10034.9
59254,2021-04-01 09:53:00,28.7,1010.8,10,148,0.7,1.1,10164.7
59265,2021-04-01 09:53:00,19.5,1011.1,51,23,13.2,0.2,10309.9
59417,2021-04-01 09:53:00,27.7,1020.2,2,185,13.2,0.5,10376.2
59431,2021-04-01 09:53:00,20.7,1015.8,75,257,1.9,0.5,10226.7
59446,2021-04-01 09:53:00,12.2,1011.1,8,74,3.4,1.2,10090.8
59453,2021-04-01 09:53:00,31.6,1005.5,67,7,1.6,0.8,10331.5
59626,2021-04-01 09:53:00,3.4,1017.1,1,291,13.0,0.2,10051.0
59631,2021-04-01 09:53:00,1.1,1002.3,55,326,3.1,0.0,10071.3
59632,2021-04-01 09:53:00,28.2,1025.3,78,252,2.9,0.0,10093.6
59644,2021-04-01 09:53:00,26.3,1011.1,94,120,3.2,1.5,10482.2
59647,2021-04-01 09:53:00,23.2,1023.8,99,31,9.1,0.6,10494.8
56691,2021-04-01 09:53:00,1.2,1005.7,60,77,1.7,0.5,10281.4
56693,2021-04-01 09:53:00,1.3,1003.1,52,151,5.4,0.9,10426.2
56792,2021-04-01 09:53:00,16.8,1024.4,55,251,12.8,0.7,10069.3
56793,2021-04-01 09:53:00,2.3,1004.9,72,192,3.9,0.1,10198.1
57606,2021-04-01 09:53:00,19.1,1001.1,27,185,7.6,0.1,10233.6
57614,2021-04-01 09:53:00,0.6,1025.6,63,262,4.9,0.6,10265.3
57625,2021-04-01 09:53:00,27.5,1005.9,2,20,1.8,0.3,10162.9
57647,2021-04-01 09:53:00,13.2,1014.7,8,200,1.6,1.4,10037.8
57707,2021-04-01 09:53:00,9.7,1023.6,37,259,2.5,1.0,10003.9
57710,2021-04-01 09:53:00,2.0,1012.2,91,6,5.5,1.3,10194.6
57712,2021-04-01 09:53:00,32.6,1021.4,88,169,1.8,0.4,10075.6
57718,2021-04-01 09:53:00,3.7,1015.3,46,17,10.5,0.9,10052.6
57722,2021-04-01 09:53:00,7.7,1025.0,23,190,13.9,1.1,10039.5
57729,2021-04-01 09:53:00,16.2,1007.5,14,317,7.9,1.5,10458.1
57731,2021-04-01 09:53:00,25.4,1024.8,57,148,2.7,0.3,10179.3
57741,2021-04-01 09:53:00,13.8,1012.9,100,156,8.4,0.0,10492.2
57803,2021-04-01 09:53:00,9.7,1002.6,23,264,3.7,0.1,10268.6
57805,2021-04-01 09:53:00,20.7,1020.3,16,54,13.5,1.2,10303.6
57806,2021-04-01 09:53:00,16.1,1002.3,79,199,14.4,0.7,10229.0
57816,2021-04-01 09:53:00,26.1,1023.0,38,209,6.4,0.4,10304.4
57825,2021-04-01 09:53:00,14.0,1015.5,31,21,3.6,0.0,10257.2
57827,2021-04-01 09:53:00,26.6,1018.4,4,23,5.7,0.2,10261.0
57832,2021-04-01 09:53:00,20.3,1007.3,13,130,3.4,1.5,10387.3
57839,2021-04-01 09:53:00,13.3,1024.3,2,41,10.8,1.5,10448.0
57840,2021-04-01 09:53:00,6.9,1002.6,76,117,6.6,0.1,10252.5
57902,2021-04-01 09:53:00,5.9,1013.0,81,190,0.9,0.4,10410.9
57906,2021-04-01 09:53:00,20.9,1010.4,36,304,0.5,0.4,10049.8
57907,2021-04-01 09:53:00,33.0,1017.8,88,209,7.3,0.1,10344.8
57910,2021-04-01 09:53:00,27.2,1007.7,94,60,6.3,0.4,10254.2
57912,2021-04-01 09:53:00,24.2,1013.6,10,67,3.6,0.5,10101.0
57916,2021-04-01 09:53:00,34.6,1020.5,56,148,8.2,0.3,10062.9
57922,2021-04-01 09:53:00,20.4,1019.3,59,28,3.8,1.0,10347.4
57926,2021-04-01 09:53:00,17.4,1002.9,20,156,2.3,1.2,10449.2
57932,2021-04-01 09:53:00,1.4,1008.8,48,58,5.9,0.8,10013.5
59758,2021-04-01 09:53:00,24.6,1024.7,76,266,12.5,1.4,10027.7
59838,2021-04-01 09:53:00,25.5,1004.0,100,196,11.8,0.2,10471.2
59845,2021-04-01 09:53:00,15.3,1021.8,74,109,14.9,0.4,10091.1
59849,2021-04-01 09:53:00,20.2,1011.7,76,160,4.0,0.6,10430.3
59855,2021-04-01 09:53:00,27.4,1014.0,89,320,2.9,1.5,10248.5
59948,2021-04-01 09:53:00,13.9,1012.3,14,113,12.3,1.3,10474.6
59954,2021-04-01 09:53:00,9.9,1007.0,34,322,13.5,1.0,10054.9
59981,2021-04-01 09:53:00,16.7,1003.1,91,268,5.8,1.3,10014.3
53399,2021-04-01 09:53:00,27.0,1016.4,100,211,2.1,0.8,10464.4
53593,2021-04-01 09:53:00,29.0,1002.0,50,167,10.5,1.5,10091.4
53698,2021-04-01 09:53:00,21.2,1022.8,35,5,5.3,0.3,10213.3
53798,2021-04-01 09:53:00,12.5,1013.8,52,344,2.9,0.9,10375.3
54308,2021-04-01 09:53:00,2.8,1018.5,53,199,10.1,0.0,10128.9
54311,2021-04-01 09:53:00,29.0,1003.4,94,255,10.1,0.2,10292.4
54401,2021-04-01 09:53:00,1.0,1021.5,7,330,13.5,1.2,10050.0
54405,2021-04-01 09:53:00,25.4,1020.5,95,278,8.8,0.6,10052.7
54423,2021-04-01 09:53:00,7.5,1003.6,87,128,5.2,0.3,10216.3
54429,2021-04-01 09:53:00,13.2,1005.5,90,178,14.1,1.4,10177.1
54436,2021-04-01 09:53:00,33.5,1021.4,88,111,13.2,0.5,10466.3
54449,2021-04-01 09:53:00,12.0,1024.4,9,328,14.4,1.5,10272.2
54518,2021-04-01 09:53:00,8.2,1002.3,94,11,9.4,1.5,10084.4
54534,2021-04-01 09:53:00,34.7,1016.2,59,82,1.7,1.1,10190.8
54535,2021-04-01 09:53:00,31.2,1009.1,86,243,5.7,1.2,10407.8
54539,2021-04-01 09:53:00,11.8,1023.2,1,59,5.3,0.4,10427.6
54602,2021-04-01 09:53:00,9.5,1026.2,58,301,12.0,0.6,10159.3
54606,2021-04-01 09:53:00,4.1,1026.2,44,143,5.6,1.3,10013.3
54618,2021-04-01 09:53:00,9.3,1026.0,50,126,8.3,1.0,10382.9
54624,2021-04-01 09:53:00,29.1,1000.7,1,22,8.0,0.8,10207.1
54705,2021-04-01 09:53:00,0.2,1010.7,13,233,13.2,1.4,10449.8
53898,2021-04-01 09:53:00,32.7,1008.2,52,69,0.6,1.0,10238.8
53986,2021-04-01 09:53:00,14.8,1021.0,3,241,10.0,0.4,10111.4
57051,2021-04-01 09:53:00,11.9,1024.0,22,77,10.3,1.3,10494.8
57067,2021-04-01 09:53:00,21.1,1017.8,58,240,13.7,0.9,10320.4
57071,2021-04-01 09:53:00,7.1,1011.6,25,282,11.6,0.7,10294.3
57077,2021-04-01 09:53:00,16.5,1002.6,77,169,2.1,1.1,10180.5
57083,2021-04-01 09:53:00,13.5,1005.3,11,20,2.3,0.3,10483.8
57084,2021-04-01 09:53:00,19.3,1009.2,53,143,12.7,0.1,10408.4
57089,2021-04-01 09:53:00,13.8,1007.1,94,264,7.4,0.1,10300.7
57091,2021-04-01 09:53:00,5.5,1012.9,50,237,1.6,1.4,10357.1
57156,2021-04-01 09:53:00,33.2,1013.7,90,285,14.0,0.3,10127.8
57178,2021-04-01 09:53:00,32.0,1017.7,67,64,8.6,1.5,10180.4
57181,2021-04-01 09:53:00,16.3,1026.0,48,49,1.1,0.1,10327.7
57193,2021-04-01 09:53:00,17.9,1015.5,72,268,5.5,1.3,10237.5
57285,2021-04-01 09:53:00,18.2,1002.1,5,152,6.0,0.9,10288.6
57290,2021-04-01 09:53:00,11.1,1010.6,56,17,3.0,0.2,10432.1
57297,2021-04-01 09:53:00,29.4,1014.5,26,43,7.7,0.0,10231.8
58005,2021-04-01 09:53:00,20.1,1012.0,79,227,12.6,0.9,10419.2
58111,2021-04-01 09:53:00,11.2,1001.9,6,4,7.7,0.9,10361.6
58208,2021-04-01 09:53:00,14.6,1015.6,99,329,10.4,0.2,10246.8
50136,2021-04-01 09:53:00,34.1,1002.0,73,264,2.7,1.3,10143.5
50246,2021-04-01 09:53:00,8.7,1001.7,52,27,3.7,1.3,10460.5
50247,2021-04-01 09:53:00,28.0,1023.3,35,66,10.7,1.5,10040.7
50349,2021-04-01 09:53:00,31.4,1001.2,72,44,6.0,0.5,10074.0
50353,2021-04-01 09:53:00,18.8,1023.0,74,320,0.7,0.5,10152.3
50442,2021-04-01 09:53:00,11.3,1004.5,44,183,11.7,1.0,10183.9
50468,2021-04-01 09:53:00,6.4,1010.1,18,100,11.1,1.5,10347.6
50557,2021-04-01 09:53:00,32.0,1003.4,22,155,9.6,0.0,10415.4
50564,2021-04-01 09:53:00,13.0,1004.8,95,192,9.1,1.5,10279.6
50656,2021-04-01 09:53:00,6.2,1003.6,29,57,11.1,1.1,10204.0
50658,2021-04-01 09:53:00,14.4,1001.4,71,225,9.5,0.3,10074.2
50674,2021-04-01 09:53:00,12.5,1008.7,24,57,8.6,0.0,10350.3
50739,2021-04-01 09:53:00,30.0,1000.5,65,142,5.4,1.0,10103.4
50742,2021-04-01 09:53:00,20.6,1004.9,91,115,14.6,1.4,10225.1
50745,2021-04-01 09:53:00,13.1,1007.8,65,238,11.3,1.5,10216.1
50756,2021-04-01 09:53:00,29.9,1004.9,81,9,1.9,0.7,10004.3
50758,2021-04-01 09:53:00,17.1,1010.0,83,92,4.2,1.1,10444.6
50774,2021-04-01 09:53:00,3.0,1013.7,54,353,3.9,1.5,10486.5
50778,2021-04-01 09:53:00,2.1,1022.8,26,186,1.1,0.6,10174.7
50788,2021-04-01 09:53:00,5.0,1022.2,60,339,5.3,1.1,10302.5
50844,2021-04-01 09:53:00,22.2,1022.0,59,50,9.7,0.4,10348.1
50853,2021-04-01 09:53:00,4.3,1018.4,9,18,9.9,0.1,10281.0
50854,2021-04-01 09:53:00,7.6,1018.9,25,97,7.7,0.2,10074.5
50862,2021-04-01 09:53:00,15.2,1015.2,61,309,2.1,1.1,10048.6
50873,2021-04-01 09:53:00,34.4,1003.1,21,169,5.6,1.0,10373.0
50877,2021-04-01 09:53:00,7.5,1007.2,54,224,6.4,0.1,10162.2
50888,2021-04-01 09:53:00,28.7,1009.7,67,255,13.6,1.4,10062.5
50950,2021-04-01 09:53:00,16.0,1017.4,8,337,8.6,1.5,10475.3
50953,2021-04-01 09:53:00,3.3,1010.4,87,106,10.0,0.2,10205.4
50955,2021-04-01 09:53:00,15.4,1021.8,19,121,1.1,1.5,10392.5
50963,2021-04-01 09:53:00,19.5,1010.9,41,140,1.3,0.2,10360.9
50968,2021-04-01 09:53:00,18.3,1008.3,32,226,4.3,0.6,10334.2
50973,2021-04-01 09:53:00,17.2,1013.3,3,303,4.9,0.1,10346.9
50978,2021-04-01 09:53:00,26.6,1017.2,17,87,8.8,0.2,10022.4
50983,2021-04-01 09:53:00,16.2,1006.5,30,76,4.1,1.3,10128.2
54094,2021-04-01 09:53:00,17.6,1021.2,16,188,2.8,1.4,10087.8
54096,2021-04-01 09:53:00,18.3,1003.6,52,146,9.6,0.5,10010.7
57251,2021-04-01 09:53:00,19.6,1017.1,79,46,14.6,0.6,10078.2
57256,2021-04-01 09:53:00,21.6,1000.3,78,333,13.5,0.7,10406.1
57259,2021-04-01 09:53:00,13.0,1024.8,30,216,0.6,1.2,10163.8
57265,2021-04-01 09:53:00,29.6,1002.7,24,29,3.0,1.4,10433.7
57278,2021-04-01 09:53:00,19.6,1009.2,18,84,2.8,1.1,10263.7
57279,2021-04-01 09:53:00,8.4,1005.7,29,318,7.2,1.4,10269.2
57355,2021-04-01 09:53:00,17.3,1014.2,5,31,4.5,0.5,10362.3
57358,2021-04-01 09:53:00,28.0,1003.9,76,9,2.3,1.5,10490.2
57359,2021-04-01 09:53:00,34.5,1007.7,19,323,10.9,1.5,10387.0
57363,2021-04-01 09:53:00,6.7,1011.7,83,304,2.6,1.1,10044.1
57378,2021-04-01 09:53:00,14.4,1004.1,19,171,13.8,1.5,10486.1
57381,2021-04-01 09:53:00,19.5,1025.8,34,197,4.0,0.4,10443.1
57395,2021-04-01 09:53:00,10.3,1003.4,30,131,8.7,0.3,10316.6
57399,2021-04-01 09:53:00,24.8,1002.7,15,198,6.6,0.0,10276.3
57439,2021-04-01 09:53:00,28.5,1012.1,31,184,3.2,0.0,10047.6
57445,2021-04-01 09:53:00,3.3,1002.8,62,346,8.4,1.4,10277.3
57447,2021-04-01 09:53:00,24.8,1023.4,74,171,11.6,0.2,10194.1
57458,2021-04-01 09:53:00,8.4,1020.1,70,233,3.5,1.1,10263.7
57461,2021-04-01 09:53:00,30.9,1022.4,48,277,14.5,0.5,10456.2
57476,2021-04-01 09:53:00,30.4,1000.2,49,182,5.3,1.3,10154.2
57482,2021-04-01 09:53:00,6.6,1016.5,56,35,5.9,1.3,10248.0
57483,2021-04-01 09:53:00,20.8,1004.5,22,130,3.7,1.1,10302.5
57493,2021-04-01 09:53:00,28.8,1014.3,29,136,1.2,0.3,10269.9
57494,2021-04-01 09:53:00,3.8,1009.1,15,358,8.5,0.2,10456.6
57545,2021-04-01 09:53:00,28.9,1002.0,2,139,8.0,0.4,10487.2
57573,2021-04-01 09:53:00,24.5,1016.4,54,75,2.5,0.2,10463.5
57581,2021-04-01 09:53:00,0.6,1021.9,35,58,14.8,0.6,10414.6
57583,2021-04-01 09:53:00,34.1,1002.1,89,152,4.9,1.1,10030.4
57595,2021-04-01 09:53:00,5.7,1003.9,56,257,4.5,0.8,10003.6
58402,2021-04-01 09:53:00,27.5,1005.1,4,167,0.8,0.8,10323.7
58407,2021-04-01 09:53:00,2.8,1020.2,34,349,10.2,1.1,10134.6
58500,2021-04-01 09:53:00,21.2,1025.1,55,274,7.4,1.1,10494.9
57554,2021-04-01 09:53:00,20.2,1003.3,2,241,6.7,0.4,10108.3
57562,2021-04-01 09:53:00,23.9,1012.9,48,200,13.3,0.2,10129.5
57574,2021-04-01 09:53:00,3.3,1016.8,43,286,9.2,0.3,10092.4
57584,2021-04-01 09:53:00,2.6,1020.9,15,128,12.7,1.3,10322.7
57642,2021-04-01 09:53:00,6.7,1002.4,55,188,1.2,0.7,10345.1
57649,2021-04-01 09:53:00,29.6,1019.9,81,266,13.0,1.5,10193.7
57655,2021-04-01 09:53:00,29.6,1022.9,98,104,3.9,0.4,10277.0
57662,2021-04-01 09:53:00,9.6,1020.1,10,228,11.8,1.2,10030.6
57669,2021-04-01 09:53:00,32.6,1009.5,93,79,6.1,1.4,10123.6
57671,2021-04-01 09:53:00,8.6,1025.5,70,256,6.9,1.0,10382.9
57673,2021-04-01 09:53:00,3.8,1025.9,45,35,11.1,1.4,10263.6
57679,2021-04-01 09:53:00,15.1,1024.3,3,94,5.9,1.2,10240.5
57682,2021-04-01 09:53:00,15.0,1003.5,93,205,8.5,0.8,10004.5
57687,2021-04-01 09:53:00,3.0,1015.9,4,233,13.9,0.9,10279.7
57745,2021-04-01 09:53:00,3.9,1016.5,37,183,5.6,0.0,10024.8
57749,2021-04-01 09:53:00,15.6,1011.1,51,182,11.6,0.9,10136.9
57752,2021-04-01 09:53:00,3.5,1009.4,24,345,0.9,1.5,10068.3
57758,2021-04-01 09:53:00,10.7,1002.1,59,216,8.7,1.0,10114.8
57761,2021-04-01 09:53:00,26.7,1002.4,51,142,1.4,0.6,10147.7
57766,2021-04-01 09:53:00,32.9,1013.6,36,34,14.9,0.6,10358.8
57774,2021-04-01 09:53:00,26.9,1016.0,77,104,6.6,0.4,10183.3
57776,2021-04-01 09:53:00,21.9,1007.5,85,63,11.9,1.0,10444.6
57779,2021-04-01 09:53:00,31.7,1019.1,41,177,9.5,0.2,10138.4
57780,2021-04-01 09:53:00,8.6,1024.4,37,216,5.2,0.4,10439.3
57841,2021-04-01 09:53:00,23.8,1015.2,99,91,5.7,1.4,10012.7
57845,2021-04-01 09:53:00,9.6,1025.9,70,70,4.2,1.3,10368.3
57853,2021-04-01 09:53:00,30.2,1024.9,45,329,0.8,1.2,10269.1
57857,2021-04-01 09:53:00,19.3,1025.1,39,17,5.7,0.7,10266.1
57860,2021-04-01 09:53:00,9.8,1006.9,88,85,6.3,1.3,10030.5
57866,2021-04-01 09:53:00,25.3,1009.1,57,115,8.8,0.9,10091.5
57872,2021-04-01 09:53:00,25.6,1002.7,75,261,13.1,0.2,10122.7
57874,2021-04-01 09:53:00,2.6,1017.1,22,317,13.2,1.2,10189.7
57889,2021-04-01 09:53:00,1.4,1011.5,72,283,8.6,1.0,10031.4
57965,2021-04-01 09:53:00,30.8,1013.5,58,201,0.6,0.5,10263.9
57972,2021-04-01 09:53:00,11.8,1021.0,18,156,12.4,1.1,10159.7
57974,2021-04-01 09:53:00,10.0,1015.6,33,19,11.7,0.1,10405.9
50936,2021-04-01 09:53:00,32.5,1004.8,63,123,0.0,0.5,10384.0
50945,2021-04-01 09:53:00,4.5,1019.8,20,137,13.8,0.0,10114.9
50948,2021-04-01 09:53:00,27.1,1015.6,31,73,8.3,0.3,10092.8
50949,2021-04-01 09:53:00,10.0,1015.8,40,57,0.1,1.5,10046.0
54041,2021-04-01 09:53:00,14.0,1022.6,65,142,4.2,0.2,10038.3
54049,2021-04-01 09:53:00,21.4,1022.6,17,53,5.4,0.0,10385.7
54063,2021-04-01 09:53:00,12.9,1009.9,34,148,10.8,1.5,10117.5
54064,2021-04-01 09:53:00,30.2,1000.8,4,113,0.3,0.2,10302.6
54142,2021-04-01 09:53:00,29.6,1000.5,39,355,4.1,1.0,10154.8
54157,2021-04-01 09:53:00,21.9,1001.0,68,110,4.1,1.1,10452.3
54161,2021-04-01 09:53:00,29.7,1001.6,38,309,13.8,1.0,10299.6
54165,2021-04-01 09:53:00,27.6,1010.6,64,99,14.9,0.2,10224.6
54171,2021-04-01 09:53:00,10.1,1001.3,63,179,2.5,0.4,10377.3
54181,2021-04-01 09:53:00,0.1,1012.1,37,14,8.8,1.1,10461.9
54186,2021-04-01 09:53:00,3.7,1002.6,52,118,1.4,0.8,10154.4
54195,2021-04-01 09:53:00,21.5,1001.1,50,120,9.9,1.2,10405.4
54260,2021-04-01 09:53:00,26.7,1012.5,33,24,13.8,1.5,10080.1
54263,2021-04-01 09:53:00,32.9,1000.6,52,213,10.8,0.3,10319.5
54266,2021-04-01 09:53:00,13.4,1009.0,76,10,13.6,0.6,10065.4
54273,2021-04-01 09:53:00,34.0,1014.5,81,295,7.8,0.1,10104.8
54276,2021-04-01 09:53:00,20.4,1018.8,48,57,12.5,1.2,10475.5
54284,2021-04-01 09:53:00,8.1,1021.9,98,140,8.2,0.8,10401.9
54285,2021-04-01 09:53:00,6.2,1010.3,54,341,8.5,1.2,10228.6
54286,2021-04-01 09:53:00,26.4,1004.7,84,145,7.4,0.3,10311.7
54292,2021-04-01 09:53:00,22.7,1017.9,41,51,13.9,1.1,10226.3
54363,2021-04-01 09:53:00,18.9,1025.9,42,9,5.0,0.3,10490.7
54374,2021-04-01 09:53:00,4.0,1018.9,76,345,2.9,0.4,10072.2
54377,2021-04-01 09:53:00,7.9,1007.5,90,19,1.7,1.3,10085.8
54386,2021-04-01 09:53:00,16.1,1000.6,98,17,3.3,0.5,10425.6
58026,2021-04-01 09:53:00,2.5,1007.7,89,107,4.6,0.6,10028.4
58027,2021-04-01 09:53:00,11.2,1024.8,79,260,11.4,0.9,10208.5
58038,2021-04-01 09:53:00,9.7,1024.0,25,302,4.5,0.1,10141.2
58040,2021-04-01 09:53:00,10.0,1003.3,20,198,7.7,1.2,10499.8
58047,2021-04-01 09:53:00,5.3,1009.8,37,42,13.7,0.5,10153.6
58130,2021-04-01 09:53:00,13.8,1025.9,91,302,13.2,0.4,10057.5
58135,2021-04-01 09:53:00,11.5,1008.8,73,156,5.8,1.2,10413.4
58138,2021-04-01 09:53:00,6.1,1012.3,14,8,0.4,0.4,10119.8
58141,2021-04-01 09:53:00,10.2,1010.9,88,63,11.4,1.1,10129.4
58143,2021-04-01 09:53:00,12.8,1014.0,100,337,0.9,0.1,10126.0
58150,2021-04-01 09:53:00,19.3,1012.9,87,64,8.2,1.0,10016.0
58158,2021-04-01 09:53:00,11.9,1017.8,100,115,7.1,0.4,10274.4
58238,2021-04-01 09:53:00,18.6,1023.5,96,178,5.7,1.0,10495.8
58241,2021-04-01 09:53:00,7.2,1025.2,32,273,5.8,1.0,10202.0
58251,2021-04-01 09:53:00,3.5,1021.8,82,193,8.2,0.3,10343.4
58252,2021-04-01 09:53:00,11.7,1012.2,98,326,3.5,0.5,10154.9
58255,2021-04-01 09:53:00,1.7,1003.0,70,174,1.6,0.8,10107.7
58259,2021-04-01 09:53:00,9.1,1024.8,99,334,0.6,1.3,10111.5
58265,2021-04-01 09:53:00,0.8,1008.3,82,295,13.6,0.3,10287.9
58343,2021-04-01 09:53:00,23.7,1006.0,58,156,5.8,1.5,10215.4
58345,2021-04-01 09:53:00,10.3,1023.1,1,102,2.1,0.1,10090.2
58354,2021-04-01 09:53:00,30.1,1023.6,35,282,3.6,0.0,10142.8
58356,2021-04-01 09:53:00,5.4,1006.4,29,330,12.9,0.2,10163.4
58358,2021-04-01 09:53:00,7.5,1010.0,95,258,10.7,1.2,10214.4
57598,2021-04-01 09:53:00,8.5,1001.9,74,63,6.7,0.5,10084.4
57696,2021-04-01 09:53:00,28.9,1018.0,7,148,3.1,0.0,10259.9
57789,2021-04-01 09:53:00,28.9,1024.5,52,162,14.1,0.0,10282.9
57793,2021-04-01 09:53:00,18.3,1024.9,71,348,11.9,0.9,10401.6
57799,2021-04-01 09:53:00,1.6,1013.1,59,226,3.2,0.7,10160.9
57894,2021-04-01 09:53:00,33.3,1005.7,27,307,0.4,0.9,10499.8
57896,2021-04-01 09:53:00,32.3,1022.0,11,34,5.0,0.5,10355.4
57993,2021-04-01 09:53:00,0.8,1020.8,94,334,3.7,1.5,10376.0
58506,2021-04-01 09:53:00,26.8,1014.5,34,337,10.3,0.7,10463.4
58507,2021-04-01 09:53:00,34.2,1020.5,93,324,3.2,1.0,10384.0
58519,2021-04-01 09:53:00,11.7,1019.8,92,213,7.9,1.3,10283.7
58527,2021-04-01 09:53:00,24.1,1020.5,1,185,10.8,0.5,10088.8
58600,2021-04-01 09:53:00,1.8,1026.3,94,286,14.1,1.1,10185.0
58606,2021-04-01 09:53:00,17.8,1008.8,79,80,4.5,1.4,10005.4
58608,2021-04-01 09:53:00,28.8,1016.1,93,277,4.6,1.2,10014.2
58622,2021-04-01 09:53:00,23.4,1010.9,23,89,10.4,0.6,10033.4
58626,2021-04-01 09:53:00,4.6,1009.2,74,253,7.7,1.0,10426.6
58634,2021-04-01 09:53:00,20.1,1016.0,68,335,6.4,0.5,10497.6
58637,2021-04-01 09:53:00,32.5,1011.3,16,119,1.1,0.0,10167.4
58705,2021-04-01 09:53:00,3.3,1005.9,100,115,3.3,0.1,10044.8
58715,2021-04-01 09:53:00,25.3,1005.2,31,335,6.4,0.7,10430.3
58718,2021-04-01 09:53:00,34.6,1026.3,44,134,11.9,0.2,10490.4
58806,2021-04-01 09:53:00,3.7,1015.0,81,216,2.8,0.7,10240.9
58813,2021-04-01 09:53:00,16.9,1014.0,97,58,10.1,1.1,10321.3
59092,2021-04-01 09:53:00,29.8,1020.5,82,227,11.7,1.5,10000.8
59102,2021-04-01 09:53:00,3.2,1011.5,55,358,14.4,1.3,10046.2
54236,2021-04-01 09:53:00,17.7,1014.2,26,302,12.2,1.3,10285.2
54237,2021-04-01 09:53:00,12.4,1015.8,87,293,0.8,1.0,10060.7
54243,2021-04-01 09:53:00,30.6,1007.6,82,289,5.1,1.4,10308.4
54254,2021-04-01 09:53:00,27.1,1008.8,11,33,5.0,0.4,10345.1
54259,2021-04-01 09:53:00,34.2,1021.0,77,51,12.9,1.3,10447.8
54324,2021-04-01 09:53:00,11.9,1016.4,65,205,11.2,0.6,10101.5
54326,2021-04-01 09:53:00,11.5,1009.1,95,124,6.7,1.5,10220.5
54333,2021-04-01 09:53:00,31.3,1014.6,62,98,7.1,1.5,10183.9
54334,2021-04-01 09:53:00,8.9,1010.4,27,60,10.7,0.6,10408.8
54335,2021-04-01 09:53:00,8.3,1018.1,50,120,11.7,0.1,10275.0
54337,2021-04-01 09:53:00,21.8,1011.5,49,115,0.1,0.2,10082.0
54339,2021-04-01 09:53:00,2.7,1016.6,78,50,6.4,0.7,10371.6
54342,2021-04-01 09:53:00,12.2,1003.4,24,130,5.6,0.2,10078.5
54346,2021-04-01 09:53:00,34.6,1007.4,67,301,11.2,0.0,10284.6
54349,2021-04-01 09:53:00,5.0,1005.4,92,322,4.7,1.1,10267.0
54351,2021-04-01 09:53:00,11.2,1025.0,11,221,0.6,1.1,10300.1
54353,2021-04-01 09:53:00,8.9,1017.8,45,310,9.3,1.1,10357.9
54365,2021-04-01 09:53:00,22.4,1022.1,56,154,7.8,0.5,10082.1
54452,2021-04-01 09:53:00,10.9,1021.4,62,142,1.9,0.0,10303.3
54454,2021-04-01 09:53:00,8.5,1015.8,55,8,7.8,1.2,10000.2
54455,2021-04-01 09:53:00,23.2,1012.6,6,258,13.4,0.9,10318.2
54470,2021-04-01 09:53:00,0.6,1016.3,42,30,9.0,0.0,10104.2
54471,2021-04-01 09:53:00,32.1,1008.2,13,50,11.1,1.3,10344.2
54472,2021-04-01 09:53:00,4.0,1009.2,22,330,2.0,1.5,10487.8
54476,2021-04-01 09:53:00,14.0,1001.4,13,174,0.0,1.3,10336.1
54486,2021-04-01 09:53:00,28.4,1022.3,14,226,13.7,1.1,10436.0
54493,2021-04-01 09:53:00,15.9,1018.0,94,237,2.9,0.1,10361.2
54497,2021-04-01 09:53:00,33.3,1002.5,45,263,10.7,0.9,10052.8
54563,2021-04-01 09:53:00,11.5,1021.7,46,307,13.6,0.5,10363.7
54579,2021-04-01 09:53:00,15.5,1014.2,58,143,4.5,0.3,10430.5
54584,2021-04-01 09:53:00,7.2,1000.0,38,33,13.7,0.2,10448.3
54660,2021-04-01 09:53:00,18.5,1025.5,75,248,6.7,1.4,10149.2
54662,2021-04-01 09:53:00,11.1,1002.5,58,143,12.9,1.4,10206.1
50425,2021-04-01 09:53:00,0.0,1004.2,44,236,8.9,1.3,10100.9
50434,2021-04-01 09:53:00,3.3,1010.2,21,293,10.4,1.4,10310.4
50514,2021-04-01 09:53:00,32.8,1007.5,2,250,12.8,0.3,10360.6
50527,2021-04-01 09:53:00,12.9,1011.0,3,122,3.0,1.1,10016.0
50548,2021-04-01 09:53:00,25.8,1015.9,57,267,12.8,1.5,10264.7
50603,2021-04-01 09:53:00,8.0,1007.5,68,5,2.4,0.8,10163.0
50618,2021-04-01 09:53:00,3.6,1025.5,18,122,9.2,1.4,10085.9
50632,2021-04-01 09:53:00,19.6,1002.0,4,288,9.0,0.1,10316.5
50639,2021-04-01 09:53:00,10.6,1020.3,68,353,13.4,0.7,10265.6
50727,2021-04-01 09:53:00,11.8,1012.7,50,81,7.7,0.0,10351.4
50834,2021-04-01 09:53:00,10.9,1001.1,70,26,10.6,1.0,10012.2
50838,2021-04-01 09:53:00,19.1,1024.8,46,351,0.3,0.0,10398.5
50915,2021-04-01 09:53:00,24.7,1001.7,34,189,7.7,0.5,10417.3
50924,2021-04-01 09:53:00,28.4,1021.8,69,24,10.5,0.9,10436.7
52267,2021-04-01 09:53:00,24.7,1025.5,98,111,14.4,1.0,10382.1
52495,2021-04-01 09:53:00,2.6,1012.0,39,253,6.3,1.5,10110.7
52576,2021-04-01 09:53:00,1.1,1014.3,69,346,4.2,0.6,10000.9
53068,2021-04-01 09:53:00,9.2,1016.4,44,241,13.7,0.3,10012.0
53083,2021-04-01 09:53:00,14.2,1010.5,17,290,1.5,1.3,10018.0
53149,2021-04-01 09:53:00,8.1,1020.3,51,72,3.8,0.8,10361.7
53192,2021-04-01 09:53:00,6.7,1006.3,95,265,5.8,0.7,10361.8
53195,2021-04-01 09:53:00,0.1,1006.9,32,92,7.8,1.0,10416.7
53276,2021-04-01 09:53:00,20.4,1009.0,12,202,6.7,1.1,10360.1
53336,2021-04-01 09:53:00,1.1,1025.9,18,54,12.8,0.0,10289.6
53352,2021-04-01 09:53:00,4.4,1019.8,77,334,3.4,1.4,10257.6
53362,2021-04-01 09:53:00,29.1,1019.0,96,237,0.6,0.6,10090.5
53367,2021-04-01 09:53:00,6.1,1007.6,75,194,3.8,0.6,10090.9
53391,2021-04-01 09:53:00,13.9,1011.2,62,31,6.4,0.6,10129.8
53446,2021-04-01 09:53:00,27.4,1003.3,97,102,10.9,0.8,10306.0
53463,2021-04-01 09:53:00,17.7,1000.9,89,189,8.2,1.5,10133.3
53480,2021-04-01 09:53:00,5.0,1011.2,8,337,11.5,1.0,10011.1
53502,2021-04-01 09:53:00,31.9,1010.7,100,213,9.1,0.8,10371.3
53513,2021-04-01 09:53:00,3.5,1007.8,95,309,9.3,1.4,10014.3
53529,2021-04-01 09:53:00,0.4,1003.1,54,179,6.2,1.3,10295.9
53543,2021-04-01 09:53:00,29.8,1004.9,80,7,9.1,1.5,10086.6
53547,2021-04-01 09:53:00,28.5,1005.8,96,215,14.5,1.0,10339.9
53602,2021-04-01 09:53:00,33.8,1008.4,86,302,0.4,0.3,10195.6
54012,2021-04-01 09:53:00,1.6,1024.3,8,300,13.9,0.0,10400.5
54026,2021-04-01 09:53:00,3.8,1016.6,93,300,13.5,0.4,10406.9
54027,2021-04-01 09:53:00,24.5,1010.1,52,296,3.6,0.6,10070.3
54102,2021-04-01 09:53:00,10.0,1008.2,33,87,0.6,0.6,10029.1
54115,2021-04-01 09:53:00,21.7,1013.9,58,197,7.5,0.8,10486.6
54134,2021-04-01 09:53:00,19.3,1009.7,62,78,3.3,0.1,10364.0
54135,2021-04-01 09:53:00,0.1,1018.4,59,48,4.0,1.0,10105.0
54208,2021-04-01 09:53:00,16.9,1019.0,40,249,10.7,0.4,10344.3
54213,2021-04-01 09:53:00,20.1,1013.7,43,227,4.3,1.5,10400.7
54218,2021-04-01 09:53:00,12.4,1015.6,47,145,9.3,1.1,10123.8
54226,2021-04-01 09:53:00,1.9,1023.2,27,218,9.6,0.1,10087.5
53519,2021-04-01 09:53:00,20.7,1001.2,35,167,5.7,0.1,10117.3
53612,2021-04-01 09:53:00,33.3,1009.2,7,82,13.9,0.0,10464.8
53614,2021-04-01 09:53:00,20.5,1016.0,48,113,11.6,0.9,10270.1
53615,2021-04-01 09:53:00,0.9,1019.0,47,289,7.2,0.4,10237.1
53704,2021-04-01 09:53:00,14.5,1023.7,38,199,0.6,0.7,10140.2
53705,2021-04-01 09:53:00,6.4,1021.9,5,161,9.4,1.0,10433.2
53723,2021-04-01 09:53:00,20.0,1024.7,74,160,11.2,0.0,10016.1
53806,2021-04-01 09:53:00,5.2,1025.6,17,331,2.3,1.4,10180.3
53810,2021-04-01 09:53:00,27.6,1015.7,72,277,4.6,1.2,10111.0
53817,2021-04-01 09:53:00,27.8,1012.1,5,117,7.8,1.2,10048.9
53903,2021-04-01 09:53:00,17.5,1012.7,66,15,3.6,0.3,10475.8
53910,2021-04-01 09:53:00,22.8,1019.1,55,181,12.9,1.4,10366.7
51886,2021-04-01 09:53:00,7.1,1022.0,58,21,2.2,1.3,10226.4
52602,2021-04-01 09:53:00,32.6,1004.6,49,233,12.3,1.2,10112.5
52633,2021-04-01 09:53:00,10.2,1004.4,93,43,8.8,1.4,10215.3
52645,2021-04-01 09:53:00,3.4,1002.9,59,145,11.2,1.2,10443.5
52657,2021-04-01 09:53:00,22.4,1024.0,85,86,7.0,0.5,10223.2
52707,2021-04-01 09:53:00,25.2,1024.4,20,144,1.6,0.7,10299.1
52713,2021-04-01 09:53:00,4.0,1018.6,81,122,13.7,1.3,10150.4
52737,2021-04-01 09:53:00,16.8,1012.0,100,191,13.4,0.2,10396.8
52754,2021-04-01 09:53:00,17.4,1001.4,89,90,0.9,0.8,10064.2
52765,2021-04-01 09:53:00,14.0,1011.2,38,185,14.2,1.2,10007.3
52818,2021-04-01 09:53:00,17.9,1020.0,81,109,9.8,0.4,10340.5
52825,2021-04-01 09:53:00,29.8,1012.4,61,122,12.4,1.1,10148.6
52833,2021-04-01 09:53:00,7.3,1015.9,95,129,14.6,1.0,10233.5
52836,2021-04-01 09:53:00,1.8,1012.6,89,159,2.4,0.9,10123.9
52842,2021-04-01 09:53:00,23.9,1005.8,59,76,1.0,0.6,10203.4
52856,2021-04-01 09:53:00,1.8,1011.0,21,215,14.4,0.4,10353.3
52866,2021-04-01 09:53:00,30.6,1008.4,76,233,6.1,1.3,10050.1
52868,2021-04-01 09:53:00,15.7,1007.4,47,166,6.2,0.2,10172.6
52876,2021-04-01 09:53:00,25.1,1002.4,75,146,4.9,0.0,10084.6
52908,2021-04-01 09:53:00,24.9,1019.0,60,40,13.0,1.5,10221.0
52943,2021-04-01 09:53:00,20.0,1016.1,30,279,10.3,1.2,10317.5
52955,2021-04-01 09:53:00,0.8,1021.6,80,273,3.0,0.9,10015.8
52974,2021-04-01 09:53:00,10.7,1014.6,98,231,3.0,0.3,10155.9
56004,2021-04-01 09:53:00,2.0,1004.7,73,123,8.2,1.5,10444.6
56018,2021-04-01 09:53:00,30.6,1017.3,85,163,7.6,0.5,10382.6
56021,2021-04-01 09:53:00,9.5,1015.0,28,245,4.6,1.5,10133.2
56029,2021-04-01 09:53:00,10.1,1017.3,63,10,10.4,0.3,10361.3
56033,2021-04-01 09:53:00,11.4,1008.4,92,198,4.1,1.1,10264.4
56034,2021-04-01 09:53:00,25.0,1022.1,30,320,6.1,0.9,10426.6
56043,2021-04-01 09:53:00,32.4,1018.1,27,257,10.1,0.9,10167.0
56046,2021-04-01 09:53:00,9.1,1003.1,34,147,5.5,1.1,10376.7
56065,2021-04-01 09:53:00,20.2,1000.3,4,218,4.2,1.0,10030.3
56067,2021-04-01 09:53:00,32.1,1009.2,82,290,0.3,0.7,10018.5
56125,2021-04-01 09:53:00,14.3,1016.8,87,53,0.9,1.2,10211.4
56151,2021-04-01 09:53:00,30.6,1011.6,86,181,13.8,0.3,10266.6
54715,2021-04-01 09:53:00,11.0,1002.8,91,276,12.9,0.5,10022.8
54725,2021-04-01 09:53:00,6.6,1025.4,27,7,4.6,0.0,10117.1
54727,2021-04-01 09:53:00,23.2,1021.8,73,76,0.1,0.2,10248.2
54744,2021-04-01 09:53:00,33.0,1010.4,45,15,9.5,0.5,10130.2
54751,2021-04-01 09:53:00,22.7,1014.2,82,200,12.3,1.1,10347.4
54753,2021-04-01 09:53:00,26.4,1023.8,96,85,10.7,1.0,10308.1
54764,2021-04-01 09:53:00,33.3,1013.9,55,15,0.7,1.0,10084.4
54774,2021-04-01 09:53:00,14.1,1022.1,46,183,6.2,1.3,10031.1
54776,2021-04-01 09:53:00,9.2,1010.5,93,263,7.5,0.9,10173.3
54808,2021-04-01 09:53:00,33.1,1008.9,14,262,6.7,0.0,10213.3
54823,2021-04-01 09:53:00,1.0,1013.4,65,80,6.8,0.7,10126.6
54826,2021-04-01 09:53:00,13.5,1025.7,12,286,3.6,0.8,10134.0
54836,2021-04-01 09:53:00,11.3,1011.0,65,158,11.7,0.0,10147.2
54842,2021-04-01 09:53:00,19.8,1021.2,79,52,8.1,1.1,10110.7
54843,2021-04-01 09:53:00,30.2,1006.8,27,337,13.8,0.6,10355.3
54857,2021-04-01 09:53:00,32.4,1011.6,98,64,10.9,0.4,10272.7
54863,2021-04-01 09:53:00,11.5,1005.9,36,325,6.1,0.0,10165.1
54909,2021-04-01 09:53:00,12.5,1018.6,59,123,13.8,0.8,10217.4
54916,2021-04-01 09:53:00,24.4,1009.1,15,142,13.6,0.0,10296.0
54929,2021-04-01 09:53:00,31.1,1020.5,10,15,4.6,1.1,10392.3
54936,2021-04-01 09:53:00,21.0,1021.7,94,224,3.2,0.8,10264.1
54945,2021-04-01 09:53:00,9.3,1023.5,7,54,8.7,0.4,10250.0
58034,2021-04-01 09:53:00,12.4,1002.4,67,61,13.7,1.2,10382.7
53478,2021-04-01 09:53:00,28.9,1001.0,75,322,11.0,1.2,10120.8
53487,2021-04-01 09:53:00,32.5,1013.0,61,356,6.2,1.3,10047.2
53490,2021-04-01 09:53:00,17.8,1007.5,71,0,1.8,0.4,10000.3
53564,2021-04-01 09:53:00,24.0,1019.9,13,74,0.0,1.0,10068.8
53578,2021-04-01 09:53:00,4.2,1000.3,11,305,3.8,0.5,10223.9
53579,2021-04-01 09:53:00,23.9,1001.8,61,168,11.8,0.4,10031.7
53588,2021-04-01 09:53:00,18.9,1001.7,98,177,11.4,1.1,10305.2
53594,2021-04-01 09:53:00,29.7,1024.8,84,139,14.4,0.0,10057.5
53663,2021-04-01 09:53:00,14.0,1022.3,14,56,14.3,0.0,10285.8
53664,2021-04-01 09:53:00,1.6,1021.8,73,253,8.8,0.8,10242.6
53673,2021-04-01 09:53:00,9.9,1015.6,19,340,3.3,0.3,10078.5
53687,2021-04-01 09:53:00,13.4,1000.5,39,152,3.5,0.6,10127.7
53764,2021-04-01 09:53:00,2.6,1020.7,51,76,10.2,0.7,10144.8
53772,2021-04-01 09:53:00,9.9,1004.6,19,239,5.6,1.1,10425.5
53775,2021-04-01 09:53:00,8.4,1000.7,8,64,13.4,1.3,10413.2
53787,2021-04-01 09:53:00,13.5,1013.3,67,89,2.8,0.9,10073.1
53853,2021-04-01 09:53:00,9.1,1012.4,79,286,0.3,0.8,10033.9
53859,2021-04-01 09:53:00,8.2,1010.3,41,215,8.5,0.6,10413.9
53863,2021-04-01 09:53:00,6.9,1010.8,1,278,13.1,0.7,10110.1
53868,2021-04-01 09:53:00,11.3,1007.9,92,266,2.7,1.4,10391.1
53877,2021-04-01 09:53:00,5.6,1011.3,11,12,14.4,1.2,10047.6
53882,2021-04-01 09:53:00,5.1,1012.3,95,304,6.1,0.6,10157.3
53884,2021-04-01 09:53:00,14.4,1022.9,48,302,9.8,1.1,10129.1
53959,2021-04-01 09:53:00,27.2,1009.6,75,320,14.0,1.4,10141.7
53963,2021-04-01 09:53:00,7.6,1017.4,95,177,13.9,1.2,10272.6
53968,2021-04-01 09:53:00,15.8,1024.1,22,324,1.4,0.7,10224.6
53975,2021-04-01 09:53:00,33.2,1013.3,53,26,4.7,0.3,10128.5
57052,2021-04-01 09:53:00,2.0,1002.8,1,290,5.6,0.7,10479.2
53646,2021-04-01 09:53:00,34.8,1001.8,70,19,6.9,1.1,10140.0
53651,2021-04-01 09:53:00,18.7,1022.5,51,325,1.6,1.1,10340.6
53725,2021-04-01 09:53:00,26.0,1014.5,70,61,4.5,0.2,10468.4
53735,2021-04-01 09:53:00,3.0,1016.8,61,192,2.4,1.2,10253.6
53738,2021-04-01 09:53:00,5.7,1017.7,6,171,13.2,1.0,10164.6
53740,2021-04-01 09:53:00,33.0,1016.5,4,101,1.2,1.3,10178.5
53754,2021-04-01 09:53:00,24.8,1013.9,36,283,2.1,0.1,10387.9
53845,2021-04-01 09:53:00,12.4,1003.9,17,332,10.4,0.0,10401.0
53854,2021-04-01 09:53:00,5.0,1024.5,80,81,7.8,1.3,10338.2
53929,2021-04-01 09:53:00,16.5,1022.8,48,314,5.5,1.4,10141.7
53942,2021-04-01 09:53:00,5.5,1013.0,83,178,13.6,0.5,10354.3
53948,2021-04-01 09:53:00,8.9,1005.1,43,195,10.5,1.4,10105.2
53955,2021-04-01 09:53:00,28.9,1012.8,44,150,7.8,0.3,10082.3
57003,2021-04-01 09:53:00,17.2,1002.2,49,291,7.7,0.7,10111.8
57025,2021-04-01 09:53:00,34.9,1010.4,61,312,5.6,1.4,10039.2
57028,2021-04-01 09:53:00,13.3,1001.7,17,141,9.0,1.4,10228.7
57030,2021-04-01 09:53:00,25.3,1022.0,16,38,0.8,0.2,10071.4
57034,2021-04-01 09:53:00,22.5,1011.8,5,47,14.7,0.0,10129.0
57037,2021-04-01 09:53:00,34.5,1013.9,56,170,0.0,1.1,10198.5
57046,2021-04-01 09:53:00,17.3,1018.5,66,9,7.4,1.3,10121.8
57048,2021-04-01 09:53:00,2.3,1006.3,31,292,11.3,0.5,10108.1
57049,2021-04-01 09:53:00,7.7,1014.1,76,221,9.1,1.1,10162.5
57106,2021-04-01 09:53:00,25.7,1020.8,31,96,3.4,1.3,10285.5
57124,2021-04-01 09:53:00,12.4,1000.8,41,90,1.5,0.1,10416.5
57127,2021-04-01 09:53:00,28.7,1022.0,43,65,8.3,0.9,10366.5
57131,2021-04-01 09:53:00,15.8,1020.5,93,1,2.6,1.5,10297.2
57134,2021-04-01 09:53:00,17.0,1006.8,96,319,13.1,0.2,10107.3
57140,2021-04-01 09:53:00,11.8,1000.3,54,341,1.8,1.3,10178.9
57143,2021-04-01 09:53:00,4.5,1024.6,37,204,4.1,1.4,10432.6
57144,2021-04-01 09:53:00,12.6,1017.8,53,95,12.6,0.4,10024.2
57154,2021-04-01 09:53:00,9.6,1016.9,85,104,11.4,1.1,10316.6
57211,2021-04-01 09:53:00,15.0,1026.2,63,43,12.3,0.7,10248.3
57232,2021-04-01 09:53:00,5.1,1001.3,62,257,6.4,1.3,10493.1
57238,2021-04-01 09:53:00,33.0,1004.2,84,184,13.3,1.5,10049.6
57245,2021-04-01 09:53:00,21.8,1001.2,10,125,9.8,0.9,10349.8
57343,2021-04-01 09:53:00,23.0,1017.1,78,90,8.6,1.2,10151.8
58362,2021-04-01 09:53:00,8.9,1009.9,44,12,7.2,0.8,10238.7
56038,2021-04-01 09:53:00,9.7,1011.5,84,174,13.4,0.6,10339.5
56079,2021-04-01 09:53:00,12.6,1012.4,91,180,13.6,1.5,10449.7
56144,2021-04-01 09:53:00,5.5,1002.8,89,168,2.5,0.5,10026.6
56146,2021-04-01 09:53:00,31.0,1025.4,38,102,2.1,0.0,10356.5
56152,2021-04-01 09:53:00,0.0,1007.5,9,42,14.5,1.1,10174.4
56167,2021-04-01 09:53:00,26.4,1013.9,59,209,11.3,0.5,10046.2
56172,2021-04-01 09:53:00,13.3,1022.9,28,107,0.3,0.7,10190.0
56173,2021-04-01 09:53:00,32.6,1004.7,100,33,4.6,0.8,10317.8
56178,2021-04-01 09:53:00,20.2,1000.0,46,273,1.2,0.1,10076.5
56182,2021-04-01 09:53:00,16.9,1021.9,76,98,10.4,0.1,10491.9
56187,2021-04-01 09:53:00,29.3,1008.1,22,31,9.1,0.8,10194.1
56188,2021-04-01 09:53:00,7.7,1006.5,99,106,5.7,0.5,10176.9
56196,2021-04-01 09:53:00,6.2,1020.7,39,335,0.9,1.1,10384.5
56247,2021-04-01 09:53:00,28.5,1001.9,36,290,13.5,1.4,10419.1
56251,2021-04-01 09:53:00,14.3,1000.5,61,21,8.4,0.1,10280.9
56257,2021-04-01 09:53:00,32.6,1004.6,43,313,10.6,0.5,10069.0
56287,2021-04-01 09:53:00,29.6,1020.0,23,250,7.8,0.8,10156.3
56357,2021-04-01 09:53:00,24.0,1001.7,86,11,8.6,1.2,10143.8
56374,2021-04-01 09:53:00,19.5,1010.7,63,273,13.0,1.1,10204.0
56385,2021-04-01 09:53:00,25.9,1017.0,59,81,9.6,0.1,10099.4
56386,2021-04-01 09:53:00,32.3,1009.4,18,79,3.4,1.1,10395.2
56459,2021-04-01 09:53:00,15.8,1003.8,40,102,0.0,1.3,10277.8
56462,2021-04-01 09:53:00,5.2,1020.7,7,353,8.0,0.1,10401.7
56475,2021-04-01 09:53:00,33.6,1020.1,54,334,0.6,0.3,10258.7
56479,2021-04-01 09:53:00,22.6,1005.9,82,79,0.8,1.4,10014.1
56485,2021-04-01 09:53:00,0.4,1017.9,74,259,4.2,1.2,10150.2
56492,2021-04-01 09:53:00,34.9,1022.7,79,345,13.5,0.1,10017.4
56565,2021-04-01 09:53:00,34.5,1007.1,30,357,0.2,1.4,10308.6
56571,2021-04-01 09:53:00,3.2,1012.2,19,13,11.4,1.1,10396.0
56666,2021-04-01 09:53:00,33.2,1001.6,5,307,14.0,1.3,10056.4
56671,2021-04-01 09:53:00,8.4,1007.4,41,80,7.9,1.1,10447.1
57206,2021-04-01 09:53:00,10.1,1018.6,69,293,6.4,0.1,10410.9
57237,2021-04-01 09:53:00,11.4,1001.3,14,306,3.3,0.7,10412.1
57306,2021-04-01 09:53:00,25.5,1024.6,14,351,13.7,0.9,10094.1
57313,2021-04-01 09:53:00,23.0,1011.6,19,323,3.5,1.0,10453.5
57314,2021-04-01 09:53:00,9.1,1021.6,66,192,8.9,1.0,10360.2
57328,2021-04-01 09:53:00,10.5,1018.5,28,91,2.1,1.2,10475.4
57405,2021-04-01 09:53:00,19.5,1014.0,91,43,11.3,0.3,10094.9
57411,2021-04-01 09:53:00,11.8,1021.9,66,69,7.0,1.5,10319.5
57503,2021-04-01 09:53:00,28.3,1005.4,93,204,2.7,0.9,10039.0
57604,2021-04-01 09:53:00,31.2,1008.3,75,120,2.9,0.9,10107.9
57608,2021-04-01 09:53:00,5.4,1016.4,43,6,2.1,0.0,10113.6
54525,2021-04-01 09:53:00,34.5,1016.7,36,47,11.1,0.1,10202.0
54527,2021-04-01 09:53:00,24.8,1012.1,14,90,8.2,0.9,10477.9
54623,2021-04-01 09:53:00,14.3,1007.5,24,347,1.0,0.5,10210.3
55228,2021-04-01 09:53:00,30.1,1021.2,44,103,4.6,0.1,10285.5
55248,2021-04-01 09:53:00,26.4,1018.9,63,157,10.6,0.2,10028.5
55279,2021-04-01 09:53:00,0.5,1004.3,14,172,13.9,1.5,10206.6
55294,2021-04-01 09:53:00,27.9,1017.1,10,24,5.3,0.0,10465.5
55299,2021-04-01 09:53:00,3.2,1025.3,63,207,13.6,0.6,10161.1
55437,2021-04-01 09:53:00,15.6,1022.3,57,166,6.3,1.1,10272.0
55472,2021-04-01 09:53:00,15.5,1018.6,61,161,7.6,0.9,10212.5
55493,2021-04-01 09:53:00,13.1,1015.9,89,129,4.3,1.0,10132.0
55569,2021-04-01 09:53:00,1.8,1012.1,37,302,7.2,1.1,10440.8
55578,2021-04-01 09:53:00,29.8,1003.7,78,164,0.2,0.9,10306.2
55585,2021-04-01 09:53:00,11.4,1000.9,67,151,2.7,0.6,10411.1
55591,2021-04-01 09:53:00,16.9,1013.2,30,101,0.8,0.2,10035.3
55598,2021-04-01 09:53:00,3.3,1003.5,37,358,0.6,1.2,10035.2
55655,2021-04-01 09:53:00,11.1,1022.3,87,218,8.2,0.7,10051.6
55664,2021-04-01 09:53:00,32.8,1003.7,39,314,5.3,0.0,10344.1
55680,2021-04-01 09:53:00,28.2,1008.0,30,296,3.9,0.7,10484.6
55681,2021-04-01 09:53:00,23.3,1012.6,69,249,5.1,0.4,10229.1
55690,2021-04-01 09:53:00,25.0,1001.1,64,90,0.2,1.4,10027.0
55696,2021-04-01 09:53:00,3.3,1001.5,68,289,1.4,1.3,10372.2
55773,2021-04-01 09:53:00,32.0,1001.6,22,51,5.1,0.7,10344.0
56106,2021-04-01 09:53:00,13.3,1019.4,46,339,14.5,1.3,10191.5
56116,2021-04-01 09:53:00,23.3,1026.4,92,319,14.7,0.7,10130.0
56137,2021-04-01 09:53:00,14.0,1002.7,83,226,12.2,0.9,10061.5
56202,2021-04-01 09:53:00,3.0,1011.4,84,197,2.7,0.5,10432.9
56223,2021-04-01 09:53:00,12.0,1019.3,48,62,2.4,0.4,10276.0
56227,2021-04-01 09:53:00,23.2,1006.9,55,357,13.0,0.9,10293.8
56312,2021-04-01 09:53:00,15.3,1023.2,79,21,1.1,0.4,10109.9
56331,2021-04-01 09:53:00,20.0,1018.8,76,345,2.4,0.2,10411.3
56434,2021-04-01 09:53:00,10.2,1018.0,95,211,7.5,0.9,10474.9
51053,2021-04-01 09:53:00,10.2,1025.3,20,118,4.9,0.1,10263.9
51059,2021-04-01 09:53:00,30.0,1013.2,17,262,2.7,1.4,10492.1
51060,2021-04-01 09:53:00,2.9,1021.8,12,344,12.1,1.4,10102.2
51068,2021-04-01 09:53:00,19.5,1018.1,84,189,1.2,1.3,10377.7
51076,2021-04-01 09:53:00,5.7,1022.3,39,97,1.3,0.5,10082.5
51087,2021-04-01 09:53:00,4.7,1017.2,48,174,0.7,0.3,10056.8
51133,2021-04-01 09:53:00,25.3,1002.9,1,12,6.7,1.1,10077.4
51156,2021-04-01 09:53:00,32.1,1024.9,47,318,14.5,1.4,10494.9
51186,2021-04-01 09:53:00,28.4,1013.9,26,117,3.4,1.5,10057.8
51232,2021-04-01 09:53:00,19.1,1005.8,46,140,0.5,0.0,10299.1
51238,2021-04-01 09:53:00,17.7,1004.2,16,248,6.6,1.5,10115.5
51241,2021-04-01 09:53:00,21.2,1018.5,71,66,2.9,0.0,10069.4
51243,2021-04-01 09:53:00,12.4,1000.0,9,166,6.2,0.9,10420.2
51288,2021-04-01 09:53:00,14.1,1009.7,74,324,12.0,1.4,10394.8
51330,2021-04-01 09:53:00,6.9,1012.3,15,182,7.0,0.1,10124.6
51334,2021-04-01 09:53:00,14.6,1017.1,64,142,7.6,0.5,10337.7
51346,2021-04-01 09:53:00,31.3,1021.1,18,114,5.6,1.3,10433.7
51358,2021-04-01 09:53:00,25.7,1012.1,60,19,0.8,0.4,10366.8
51365,2021-04-01 09:53:00,34.5,1023.5,72,79,1.5,0.1,10214.5
51367,2021-04-01 09:53:00,33.8,1004.2,45,275,11.3,1.5,10227.8
51379,2021-04-01 09:53:00,12.8,1025.0,51,99,5.1,1.1,10394.9
51431,2021-04-01 09:53:00,19.8,1015.1,10,22,10.7,0.0,10113.6
51433,2021-04-01 09:53:00,9.5,1020.5,17,69,0.3,0.7,10248.9
51437,2021-04-01 09:53:00,34.8,1022.6,63,164,4.5,1.4,10071.3
51463,2021-04-01 09:53:00,6.1,1017.1,82,333,1.3,0.3,10321.1
51467,2021-04-01 09:53:00,26.6,1015.4,91,237,0.2,1.1,10136.3
51469,2021-04-01 09:53:00,3.8,1005.0,61,149,7.0,1.2,10070.5
51470,2021-04-01 09:53:00,30.7,1009.9,41,24,9.8,1.0,10089.6
51477,2021-04-01 09:53:00,14.9,1002.4,33,174,2.7,0.5,10122.4
51495,2021-04-01 09:53:00,2.5,1005.8,65,208,0.4,1.0,10295.9
51526,2021-04-01 09:53:00,10.5,1023.7,46,258,2.7,0.5,10284.5
51542,2021-04-01 09:53:00,32.7,1001.8,32,65,5.7,0.3,10090.5
51567,2021-04-01 09:53:00,1.4,1006.8,71,209,3.4,1.0,10110.1
51573,2021-04-01 09:53:00,8.8,1008.7,16,183,1.7,1.5,10384.2
51581,2021-04-01 09:53:00,25.5,1014.0,50,169,4.2,0.6,10308.3
51628,2021-04-01 09:53:00,21.2,1018.8,49,242,4.1,1.5,10356.3
51633,2021-04-01 09:53:00,6.1,1007.7,70,156,2.5,1.1,10187.8
51639,2021-04-01 09:53:00,25.3,1026.3,66,195,1.2,0.0,10179.0
51642,2021-04-01 09:53:00,23.6,1011.6,95,192,4.6,1.5,10220.3
51644,2021-04-01 09:53:00,1.7,1013.9,82,254,14.3,0.1,10108.8
51655,2021-04-01 09:53:00,22.0,1004.7,89,65,6.4,0.9,10100.9
51656,2021-04-01 09:53:00,2.2,1011.0,4,104,14.3,0.0,10089.3
51701,2021-04-01 09:53:00,28.1,1011.3,11,184,0.9,0.1,10466.1
51704,2021-04-01 09:53:00,23.9,1021.3,70,30,8.8,1.5,10143.9
51705,2021-04-01 09:53:00,8.2,1003.2,54,309,4.7,0.1,10054.1
51709,2021-04-01 09:53:00,1.5,1018.2,2,253,10.2,0.0,10443.1
51711,2021-04-01 09:53:00,25.8,1005.5,90,332,2.5,1.5,10429.7
51716,2021-04-01 09:53:00,9.0,1018.6,77,336,0.7,1.3,10158.1
51720,2021-04-01 09:53:00,34.2,1008.0,12,62,8.5,0.8,10060.5
51730,2021-04-01 09:53:00,33.9,1018.4,59,273,1.3,0.7,10457.2
51747,2021-04-01 09:53:00,29.8,1010.8,9,232,9.5,1.3,10241.9
51765,2021-04-01 09:53:00,5.7,1023.1,57,19,5.9,0.4,10496.7
51777,2021-04-01 09:53:00,28.6,1007.6,3,205,8.2,0.5,10138.1
51804,2021-04-01 09:53:00,28.8,1012.3,52,321,9.4,0.1,10327.0
51810,2021-04-01 09:53:00,17.9,1013.3,46,34,4.3,0.6,10013.5
51811,2021-04-01 09:53:00,24.3,1011.1,55,228,0.4,0.6,10480.2
51818,2021-04-01 09:53:00,31.0,1011.1,77,92,7.8,1.4,10158.3
51828,2021-04-01 09:53:00,32.9,1014.6,50,221,7.9,1.2,10132.2
51839,2021-04-01 09:53:00,20.4,1014.9,29,41,13.7,1.0,10337.4
51855,2021-04-01 09:53:00,17.1,1004.0,47,250,3.3,1.3,10429.7
51931,2021-04-01 09:53:00,17.0,1019.0,99,282,6.2,1.0,10084.8
52101,2021-04-01 09:53:00,13.8,1013.0,85,44,5.1,0.6,10274.6
52112,2021-04-01 09:53:00,20.3,1026.3,20,326,5.2,1.5,10474.6
52118,2021-04-01 09:53:00,17.5,1022.0,49,263,0.5,0.2,10081.3
52203,2021-04-01 09:53:00,5.1,1012.4,25,257,1.5,1.4,10188.1
52313,2021-04-01 09:53:00,6.8,1007.4,66,179,10.6,0.2,10106.4
56444,2021-04-01 09:53:00,11.9,1022.3,13,61,7.6,1.5,10227.6
56533,2021-04-01 09:53:00,21.1,1015.7,93,242,6.0,0.0,10063.6
56543,2021-04-01 09:53:00,10.4,1005.8,92,126,8.8,1.1,10068.7
56548,2021-04-01 09:53:00,33.5,1025.5,67,14,9.1,0.4,10043.1
56586,2021-04-01 09:53:00,16.5,1009.1,81,68,7.4,0.8,10269.8
56643,2021-04-01 09:53:00,17.5,1001.2,54,323,5.9,0.1,10113.7
56651,2021-04-01 09:53:00,24.9,1013.2,9,327,12.8,1.1,10237.1
56664,2021-04-01 09:53:00,4.3,1011.7,82,243,10.9,1.5,10398.3
56684,2021-04-01 09:53:00,11.9,1005.6,15,201,11.7,0.2,10314.6
56739,2021-04-01 09:53:00,26.1,1015.3,63,176,1.5,0.4,10300.8
56748,2021-04-01 09:53:00,6.6,1021.1,42,28,0.1,0.1,10425.6
56751,2021-04-01 09:53:00,2.7,1007.6,33,329,11.8,1.3,10151.4
56763,2021-04-01 09:53:00,9.2,1008.1,82,209,14.4,1.5,10254.7
56768,2021-04-01 09:53:00,7.6,1023.6,92,265,8.1,1.3,10219.6
56778,2021-04-01 09:53:00,9.9,1022.1,86,154,8.5,1.4,10453.2
56786,2021-04-01 09:53:00,21.3,1011.3,62,49,2.9,1.0,10378.6
56838,2021-04-01 09:53:00,27.0,1017.9,91,126,7.2,0.3,10276.0
56856,2021-04-01 09:53:00,16.0,1014.5,90,119,11.1,0.0,10180.9
56872,2021-04-01 09:53:00,24.3,1001.2,39,250,6.1,0.7,10466.1
56875,2021-04-01 09:53:00,31.1,1004.1,40,164,12.9,1.2,10479.4
56886,2021-04-01 09:53:00,4.5,1023.4,72,27,10.6,1.3,10198.4
56946,2021-04-01 09:53:00,16.9,1010.1,93,95,0.6,0.9,10310.6
56950,2021-04-01 09:53:00,11.2,1015.8,12,83,10.3,0.9,10381.6
56951,2021-04-01 09:53:00,25.1,1000.9,18,92,2.7,1.2,10054.2
56954,2021-04-01 09:53:00,6.5,1014.9,54,29,10.5,0.4,10479.7
56959,2021-04-01 09:53:00,18.7,1004.9,63,240,12.7,0.3,10019.1
56964,2021-04-01 09:53:00,19.4,1007.0,63,16,0.6,0.5,10434.4
56966,2021-04-01 09:53:00,15.7,1013.7,73,235,9.8,0.1,10437.4
56969,2021-04-01 09:53:00,17.6,1001.7,36,214,1.1,1.2,10104.2
56977,2021-04-01 09:53:00,32.1,1003.6,34,140,5.7,0.7,10489.9
56985,2021-04-01 09:53:00,15.2,1006.4,60,301,4.5,0.9,10386.4
56986,2021-04-01 09:53:00,34.6,1008.4,49,242,1.8,0.0,10200.5
56991,2021-04-01 09:53:00,13.5,1021.0,77,294,6.7,1.1,10324.5
59007,2021-04-01 09:53:00,1.3,1018.0,37,29,2.1,0.5,10233.9
58448,2021-04-01 09:53:00,22.8,1007.7,6,74,2.3,0.0,10391.6
58450,2021-04-01 09:53:00,33.0,1014.8,17,163,8.4,0.4,10403.6
58457,2021-04-01 09:53:00,34.1,1003.3,27,143,10.5,1.4,10353.4
58464,2021-04-01 09:53:00,10.4,1021.9,51,115,7.4,0.2,10419.7
58467,2021-04-01 09:53:00,13.7,1007.8,38,255,2.7,1.4,10027.9
58472,2021-04-01 09:53:00,14.7,1018.9,81,35,4.9,0.4,10283.2
58477,2021-04-01 09:53:00,2.5,1022.4,89,78,0.4,1.4,10275.8
58543,2021-04-01 09:53:00,0.8,1002.8,84,335,4.2,1.3,10092.4
58549,2021-04-01 09:53:00,2.5,1020.9,48,286,8.4,0.4,10192.8
58553,2021-04-01 09:53:00,11.7,1014.9,36,145,4.0,0.0,10112.5
58556,2021-04-01 09:53:00,23.6,1011.9,92,124,2.9,0.7,10323.1
58557,2021-04-01 09:53:00,24.0,1017.2,30,203,12.0,1.2,10026.9
58562,2021-04-01 09:53:00,33.8,1006.5,22,264,7.4,0.0,10069.4
58569,2021-04-01 09:53:00,34.2,1022.4,45,223,8.5,0.4,10101.3
58633,2021-04-01 09:53:00,23.7,1015.1,30,228,6.0,0.8,10361.4
58646,2021-04-01 09:53:00,33.3,1011.8,9,295,0.0,1.3,10183.1
58652,2021-04-01 09:53:00,30.5,1001.8,54,328,10.3,0.2,10359.3
58665,2021-04-01 09:53:00,32.8,1002.4,75,319,5.0,1.1,10153.8
58666,2021-04-01 09:53:00,12.7,1009.1,4,335,14.9,0.4,10477.0
58667,2021-04-01 09:53:00,21.3,1010.1,30,313,10.9,0.1,10491.4
58742,2021-04-01 09:53:00,29.3,1024.3,3,94,13.1,0.7,10461.9
58752,2021-04-01 09:53:00,27.7,1016.6,47,216,7.5,0.5,10188.9
58760,2021-04-01 09:53:00,16.5,1022.4,71,344,14.7,1.3,10342.4
57348,2021-04-01 09:53:00,20.9,1025.2,64,69,6.5,0.0,10436.1
57426,2021-04-01 09:53:00,3.6,1010.6,47,96,5.9,0.9,10009.4
57432,2021-04-01 09:53:00,24.6,1023.6,46,298,8.8,1.1,10150.1
57502,2021-04-01 09:53:00,34.6,1011.8,3,311,11.4,0.9,10449.6
57512,2021-04-01 09:53:00,3.6,1024.8,88,9,10.8,0.2,10016.9
57516,2021-04-01 09:53:00,34.4,1006.2,86,318,8.0,1.2,10457.6
57517,2021-04-01 09:53:00,12.6,1016.1,9,75,8.9,0.9,10064.4
57520,2021-04-01 09:53:00,31.5,1013.4,60,93,6.7,1.0,10114.9
57523,2021-04-01 09:53:00,5.1,1008.4,45,285,8.7,0.3,10124.7
57536,2021-04-01 09:53:00,26.7,1021.2,79,151,8.4,0.3,10210.8
57612,2021-04-01 09:53:00,34.9,1004.5,8,169,2.8,1.5,10053.0
57633,2021-04-01 09:53:00,22.3,1016.1,62,257,2.2,0.0,10435.0
