58015,2021-04-01 10:16:00,8.0,1019.2,41,132,3.2,0.7,10287.9
58102,2021-04-01 10:16:00,4.2,1008.8,47,223,13.2,1.4,10373.3
58118,2021-04-01 10:16:00,17.3,1007.5,100,335,10.8,0.4,10160.7
58122,2021-04-01 10:16:00,3.2,1001.0,16,114,7.0,0.2,10253.9
58203,2021-04-01 10:16:00,29.9,1006.7,97,350,7.1,1.2,10040.7
58215,2021-04-01 10:16:00,10.7,1020.3,16,239,5.8,0.1,10342.1
58221,2021-04-01 10:16:00,11.6,1022.4,17,197,6.4,0.3,10377.1
58225,2021-04-01 10:16:00,32.3,1024.6,34,38,8.1,0.1,10259.8
58236,2021-04-01 10:16:00,26.3,1012.8,53,94,11.5,1.3,10112.2
58311,2021-04-01 10:16:00,5.2,1022.7,19,13,8.1,0.5,10424.2
58314,2021-04-01 10:16:00,22.3,1013.7,27,22,10.1,1.0,10339.1
58319,2021-04-01 10:16:00,18.0,1000.4,86,330,11.0,1.0,10109.5
58321,2021-04-01 10:16:00,3.6,1026.1,17,344,13.4,1.3,10256.6
58326,2021-04-01 10:16:00,30.8,1005.0,55,279,5.7,0.8,10493.3
58336,2021-04-01 10:16:00,4.5,1012.9,17,240,10.6,0.2,10467.8
58338,2021-04-01 10:16:00,7.9,1022.9,55,267,5.0,1.1,10279.7
58414,2021-04-01 10:16:00,8.9,1022.5,71,285,13.1,0.6,10043.2
58419,2021-04-01 10:16:00,12.9,1003.2,92,320,2.7,0.5,10156.5
58424,2021-04-01 10:16:00,32.2,1025.1,44,185,3.2,0.3,10266.0
58429,2021-04-01 10:16:00,7.0,1012.0,21,210,14.4,0.2,10124.6
58436,2021-04-01 10:16:00,23.4,1022.1,100,348,2.6,0.1,10234.4
58437,2021-04-01 10:16:00,14.6,1024.9,67,309,6.7,0.1,10157.4
58520,2021-04-01 10:16:00,7.7,1000.3,61,73,3.1,0.7,10369.4
58531,2021-04-01 10:16:00,32.1,1006.6,17,164,12.2,0.4,10159.3
54406,2021-04-01 10:16:00,3.6,1006.8,85,63,12.9,1.5,10090.7
54416,2021-04-01 10:16:00,22.8,1003.6,89,318,1.6,0.2,10063.4
54511,2021-04-01 10:16:00,24.0,1022.5,98,11,2.3,0.6,10391.3
58725,2021-04-01 10:16:00,24.9,1015.3,77,58,3.2,0.4,10258.1
58730,2021-04-01 10:16:00,6.1,1007.6,30,322,14.6,1.0,10123.9
58731,2021-04-01 10:16:00,10.4,1023.1,62,294,10.8,1.0,10137.1
58734,2021-04-01 10:16:00,0.8,1012.6,1,221,2.2,0.2,10423.5
58737,2021-04-01 10:16:00,31.9,1001.5,62,54,7.5,0.5,10490.4
58744,2021-04-01 10:16:00,2.6,1009.2,99,141,6.5,0.4,10207.3
58754,2021-04-01 10:16:00,26.8,1006.1,75,208,9.7,1.5,10121.6
58818,2021-04-01 10:16:00,20.0,1026.2,75,163,4.6,0.3,10445.3
58820,2021-04-01 10:16:00,21.6,1001.2,42,247,3.9,1.4,10382.4
58834,2021-04-01 10:16:00,32.7,1024.7,98,192,2.4,1.2,10288.1
58837,2021-04-01 10:16:00,9.6,1022.3,22,292,12.4,1.5,10071.4
58843,2021-04-01 10:16:00,26.4,1011.0,15,231,12.2,0.4,10469.7
58846,2021-04-01 10:16:00,34.9,1017.4,16,340,9.6,1.2,10398.2
58847,2021-04-01 10:16:00,1.0,1010.5,34,212,0.2,1.5,10193.4
58911,2021-04-01 10:16:00,34.2,1016.6,62,301,0.9,0.7,10129.3
58918,2021-04-01 10:16:00,13.6,1019.0,18,38,11.5,1.5,10486.0
58921,2021-04-01 10:16:00,10.7,1013.9,9,60,4.5,0.3,10266.3
58926,2021-04-01 10:16:00,32.5,1020.1,14,209,14.1,1.4,10408.5
58927,2021-04-01 10:16:00,2.5,1016.9,10,356,1.0,1.1,10139.9
58931,2021-04-01 10:16:00,26.5,1013.4,76,84,13.6,0.1,10443.7
58933,2021-04-01 10:16:00,11.8,1022.1,5,324,10.2,0.0,10160.6
58936,2021-04-01 10:16:00,11.2,1023.4,10,192,7.0,1.4,10273.6
58944,2021-04-01 10:16:00,10.8,1000.4,8,212,0.0,0.0,10333.8
59113,2021-04-01 10:16:00,23.0,1012.9,91,142,4.5,1.4,10410.7
59126,2021-04-01 10:16:00,21.5,1005.1,55,268,8.9,1.4,10010.7
59133,2021-04-01 10:16:00,12.9,1023.2,41,212,6.6,0.2,10424.8
59134,2021-04-01 10:16:00,33.9,1021.2,62,265,9.3,1.2,10091.9
59321,2021-04-01 10:16:00,15.7,1016.9,10,187,2.8,0.8,10162.3
52323,2021-04-01 10:16:00,8.6,1015.8,33,308,12.9,0.2,10427.2
52418,2021-04-01 10:16:00,14.1,1010.4,81,304,2.6,0.8,10009.9
52424,2021-04-01 10:16:00,5.4,1008.7,45,303,4.7,1.4,10081.8
52436,2021-04-01 10:16:00,28.1,1000.1,10,256,6.5,1.1,10314.7
52446,2021-04-01 10:16:00,13.7,1023.3,90,70,14.1,0.1,10375.7
52447,2021-04-01 10:16:00,15.1,1023.5,27,202,10.9,0.2,10297.0
52533,2021-04-01 10:16:00,16.6,1004.5,16,31,0.5,0.0,10275.4
52546,2021-04-01 10:16:00,29.5,1018.3,8,304,4.6,0.5,10100.9
52652,2021-04-01 10:16:00,4.1,1004.5,29,160,11.3,0.1,10282.3
52661,2021-04-01 10:16:00,9.3,1022.4,13,170,5.1,1.0,10498.7
52674,2021-04-01 10:16:00,28.9,1023.5,32,257,8.2,1.5,10422.2
52679,2021-04-01 10:16:00,3.0,1018.1,48,19,12.9,1.5,10299.2
52681,2021-04-01 10:16:00,21.1,1006.1,70,61,11.8,0.1,10244.1
52787,2021-04-01 10:16:00,32.8,1004.7,36,131,0.6,0.3,10076.0
52797,2021-04-01 10:16:00,12.9,1006.6,46,209,4.1,0.1,10498.8
52884,2021-04-01 10:16:00,22.0,1005.8,99,331,8.9,1.0,10151.6
52895,2021-04-01 10:16:00,19.8,1018.5,40,137,3.3,0.8,10416.5
52983,2021-04-01 10:16:00,5.9,1000.2,93,216,2.6,0.8,10019.4
52984,2021-04-01 10:16:00,33.3,1011.2,1,111,11.9,0.1,10274.2
52986,2021-04-01 10:16:00,34.6,1011.1,31,186,10.6,0.5,10382.8
52996,2021-04-01 10:16:00,5.4,1020.9,6,277,13.6,0.0,10228.1
53821,2021-04-01 10:16:00,19.4,1023.6,7,334,6.3,0.2,10470.6
53915,2021-04-01 10:16:00,28.8,1026.1,42,144,10.4,0.1,10277.4
53923,2021-04-01 10:16:00,12.8,1013.3,33,337,6.5,1.1,10229.1
56074,2021-04-01 10:16:00,31.9,1002.1,27,329,12.7,0.7,10037.9
56080,2021-04-01 10:16:00,0.3,1002.2,6,116,8.3,1.1,10210.6
56093,2021-04-01 10:16:00,9.3,1002.0,73,190,8.6,0.9,10298.5
56096,2021-04-01 10:16:00,16.7,1012.6,36,277,4.6,0.7,10377.2
57014,2021-04-01 10:16:00,22.3,1017.9,84,57,8.2,0.5,10059.7
57996,2021-04-01 10:16:00,17.4,1003.0,97,96,6.7,1.4,10065.7
59072,2021-04-01 10:16:00,9.0,1012.3,75,138,12.5,0.6,10437.9
59082,2021-04-01 10:16:00,7.5,1008.3,57,78,7.1,1.5,10056.1
59087,2021-04-01 10:16:00,5.8,1004.4,36,191,5.1,1.4,10429.9
59088,2021-04-01 10:16:00,1.1,1018.7,79,357,1.9,1.1,10430.6
59096,2021-04-01 10:16:00,30.2,1007.4,91,228,4.4,0.0,10086.2
59097,2021-04-01 10:16:00,19.4,1025.2,80,186,3.2,0.7,10289.5
59107,2021-04-01 10:16:00,21.3,1001.7,73,334,4.7,1.5,10029.5
59116,2021-04-01 10:16:00,2.7,1008.7,79,65,0.4,0.0,10265.2
59117,2021-04-01 10:16:00,20.4,1023.8,61,153,1.4,1.4,10197.7
59271,2021-04-01 10:16:00,27.8,1025.5,93,281,3.9,0.3,10185.9
59278,2021-04-01 10:16:00,21.0,1002.1,64,340,14.3,0.8,10393.3
59280,2021-04-01 10:16:00,9.8,1006.0,16,332,2.3,1.3,10311.6
59287,2021-04-01 10:16:00,17.5,1002.7,13,245,13.7,0.8,10199.4
59289,2021-04-01 10:16:00,28.1,1004.8,73,53,9.9,0.8,10349.0
59293,2021-04-01 10:16:00,24.6,1019.2,14,22,14.8,0.4,10049.5
59294,2021-04-01 10:16:00,32.9,1015.4,1,166,1.0,0.4,10050.5
59298,2021-04-01 10:16:00,34.3,1001.6,10,14,6.5,0.5,10465.4
59303,2021-04-01 10:16:00,31.7,1024.3,91,47,12.6,0.6,10265.3
59304,2021-04-01 10:16:00,3.1,1001.1,67,348,1.3,0.3,10101.2
59306,2021-04-01 10:16:00,29.2,1024.9,78,288,7.4,0.1,10364.1
59310,2021-04-01 10:16:00,34.6,1008.3,26,41,0.7,1.0,10349.9
59316,2021-04-01 10:16:00,15.9,1021.0,8,215,0.8,1.3,10236.0
59317,2021-04-01 10:16:00,7.2,1025.4,55,284,8.5,0.4,10055.7
59324,2021-04-01 10:16:00,1.8,1019.3,15,146,11.3,0.7,10396.3
59456,2021-04-01 10:16:00,5.3,1015.6,74,75,1.6,1.0,10215.6
59462,2021-04-01 10:16:00,3.2,1016.2,84,156,4.7,1.4,10246.0
59478,2021-04-01 10:16:00,13.1,1023.2,59,293,14.6,0.4,10251.6
59485,2021-04-01 10:16:00,13.0,1004.0,94,66,9.0,1.2,10308.1
59488,2021-04-01 10:16:00,34.7,1002.6,32,202,12.4,0.8,10214.1
59493,2021-04-01 10:16:00,4.5,1011.9,66,104,14.1,0.5,10148.7
59501,2021-04-01 10:16:00,1.8,1000.1,37,167,12.9,1.0,10319.4
59658,2021-04-01 10:16:00,6.3,1005.3,3,93,9.5,0.8,10023.2
59663,2021-04-01 10:16:00,16.5,1017.1,56,231,5.9,0.2,10453.8
59664,2021-04-01 10:16:00,14.5,1016.0,56,55,9.7,0.1,10108.6
59673,2021-04-01 10:16:00,19.4,1018.9,53,321,1.5,0.4,10349.7
59754,2021-04-01 10:16:00,33.7,1011.9,22,246,4.2,1.2,10010.2
57947,2021-04-01 10:16:00,0.6,1001.2,91,196,13.0,0.5,10202.0
57957,2021-04-01 10:16:00,33.3,1015.2,54,163,2.4,0.5,10438.6
57958,2021-04-01 10:16:00,11.9,1016.7,43,44,0.6,1.4,10125.7
59021,2021-04-01 10:16:00,15.9,1024.1,78,270,2.0,1.1,10294.3
59023,2021-04-01 10:16:00,27.6,1015.7,36,64,9.9,0.1,10010.1
59027,2021-04-01 10:16:00,25.7,1008.2,49,50,10.6,1.3,10189.8
59037,2021-04-01 10:16:00,15.0,1002.5,97,168,4.2,1.0,10341.6
59046,2021-04-01 10:16:00,8.8,1010.9,22,122,12.0,1.5,10405.9
59058,2021-04-01 10:16:00,13.5,1002.0,41,239,2.7,0.3,10205.2
59065,2021-04-01 10:16:00,32.5,1002.4,45,159,7.6,0.4,10493.2
59209,2021-04-01 10:16:00,6.1,1001.8,28,290,5.6,0.0,10221.0
59211,2021-04-01 10:16:00,18.6,1015.4,4,41,4.9,0.8,10486.7
59218,2021-04-01 10:16:00,32.0,1022.8,20,256,2.5,1.5,10072.0
59228,2021-04-01 10:16:00,24.7,1000.6,39,102,14.2,1.0,10383.4
59242,2021-04-01 10:16:00,14.7,1002.6,24,145,2.2,0.6,10266.4
59254,2021-04-01 10:16:00,34.2,1016.6,7,168,4.1,1.3,10341.0
59265,2021-04-01 10:16:00,33.1,1022.3,5,145,10.9,1.5,10164.3
59417,2021-04-01 10:16:00,9.8,1017.9,9,209,2.2,1.5,10207.5
59431,2021-04-01 10:16:00,33.8,1003.1,14,135,6.0,1.2,10287.3
59446,2021-04-01 10:16:00,13.0,1023.0,21,92,6.7,0.2,10044.1
59453,2021-04-01 10:16:00,34.6,1014.5,75,182,2.0,1.0,10239.7
59626,2021-04-01 10:16:00,32.5,1023.4,2,136,14.0,0.1,10003.9
59631,2021-04-01 10:16:00,10.9,1025.3,29,319,14.2,1.3,10303.2
59632,2021-04-01 10:16:00,4.7,1016.6,60,58,2.2,1.1,10317.7
59644,2021-04-01 10:16:00,9.3,1001.2,43,151,4.2,0.0,10121.9
59647,2021-04-01 10:16:00,3.3,1010.2,25,26,10.3,0.5,10303.1
56691,2021-04-01 10:16:00,24.0,1003.7,20,158,9.7,0.3,10059.3
56693,2021-04-01 10:16:00,6.6,1003.8,57,147,12.4,0.3,10423.7
56792,2021-04-01 10:16:00,9.9,1015.1,36,91,10.3,0.6,10005.0
56793,2021-04-01 10:16:00,33.8,1018.1,100,192,14.5,0.4,10092.7
57606,2021-04-01 10:16:00,15.5,1006.6,25,124,9.0,1.5,10005.5
57614,2021-04-01 10:16:00,8.7,1010.4,97,313,8.7,1.3,10237.5
57625,2021-04-01 10:16:00,12.0,1009.0,67,244,1.9,1.4,10066.6
57647,2021-04-01 10:16:00,3.6,1015.4,51,42,3.2,0.2,10478.0
57707,2021-04-01 10:16:00,28.9,1016.6,97,298,2.7,0.0,10470.1
57710,2021-04-01 10:16:00,5.3,1016.2,82,320,1.1,0.1,10244.5
57712,2021-04-01 10:16:00,20.8,1009.5,75,355,10.3,0.9,10006.9
57718,2021-04-01 10:16:00,26.0,1011.7,88,296,3.1,0.2,10294.3
57722,2021-04-01 10:16:00,26.4,1008.0,57,353,11.6,0.8,10481.7
57729,2021-04-01 10:16:00,15.6,1017.1,99,65,9.3,1.1,10030.8
57731,2021-04-01 10:16:00,32.5,1016.2,24,38,3.9,0.1,10330.1
57741,2021-04-01 10:16:00,28.4,1000.7,57,256,3.9,0.0,10432.2
57803,2021-04-01 10:16:00,1.9,1006.9,88,66,7.4,0.0,10102.5
57805,2021-04-01 10:16:00,24.2,1006.5,4,9,12.7,0.2,10078.1
57806,2021-04-01 10:16:00,3.5,1002.5,85,9,9.4,0.7,10076.4
57816,2021-04-01 10:16:00,14.6,1022.4,13,320,5.1,0.9,10378.1
57825,2021-04-01 10:16:00,26.5,1014.3,15,273,9.9,0.5,10091.9
57827,2021-04-01 10:16:00,14.4,1018.7,32,17,9.8,1.4,10247.4
57832,2021-04-01 10:16:00,14.2,1011.0,14,159,2.6,0.2,10432.4
57839,2021-04-01 10:16:00,19.6,1012.9,17,126,6.8,0.9,10496.2
57840,2021-04-01 10:16:00,2.1,1002.5,37,203,1.5,0.2,10288.9
57902,2021-04-01 10:16:00,20.5,1023.0,81,151,5.3,0.7,10374.7
57906,2021-04-01 10:16:00,11.9,1004.9,67,90,9.2,0.0,10010.6
57907,2021-04-01 10:16:00,2.6,1004.2,11,132,9.3,0.3,10195.2
57910,2021-04-01 10:16:00,25.8,1008.5,91,252,6.2,0.2,10425.1
57912,2021-04-01 10:16:00,32.7,1026.0,76,55,8.5,1.1,10204.2
57916,2021-04-01 10:16:00,11.5,1023.8,47,243,6.8,0.0,10087.1
57922,2021-04-01 10:16:00,17.2,1023.6,8,322,8.0,0.9,10148.3
57926,2021-04-01 10:16:00,29.4,1014.8,26,156,11.0,0.3,10055.6
57932,2021-04-01 10:16:00,19.1,1024.3,68,255,7.3,1.0,10024.8
59758,2021-04-01 10:16:00,7.6,1006.5,41,101,12.0,0.2,10118.6
59838,2021-04-01 10:16:00,27.6,1017.6,23,302,14.9,1.3,10059.4
59845,2021-04-01 10:16:00,5.0,1018.1,60,164,5.1,0.8,10420.9
59849,2021-04-01 10:16:00,13.9,1018.7,13,130,14.5,1.5,10355.7
59855,2021-04-01 10:16:00,23.5,1017.5,49,32,7.7,0.5,10039.5
59948,2021-04-01 10:16:00,24.1,1024.7,83,40,3.0,1.3,10423.4
59954,2021-04-01 10:16:00,2.7,1012.5,28,12,14.1,0.6,10138.2
59981,2021-04-01 10:16:00,5.6,1004.3,61,249,12.5,0.8,10481.9
53399,2021-04-01 10:16:00,12.4,1023.5,46,143,13.0,0.6,10093.2
53593,2021-04-01 10:16:00,16.7,1007.7,66,120,11.4,0.3,10461.6
53698,2021-04-01 10:16:00,26.6,1016.1,96,219,4.7,1.5,10278.7
53798,2021-04-01 10:16:00,26.4,1008.6,60,185,8.6,1.5,10158.9
54308,2021-04-01 10:16:00,17.9,1005.8,47,196,14.8,1.1,10124.0
54311,2021-04-01 10:16:00,9.3,1014.9,12,350,7.8,0.0,10420.9
54401,2021-04-01 10:16:00,30.4,1018.0,56,172,3.4,1.4,10261.1
54405,2021-04-01 10:16:00,25.6,1020.5,15,43,8.9,1.3,10023.6
54423,2021-04-01 10:16:00,4.3,1025.1,8,79,3.9,0.5,10126.9
54429,2021-04-01 10:16:00,33.1,1016.2,11,359,13.8,0.1,10446.3
54436,2021-04-01 10:16:00,21.7,1023.4,65,222,2.7,1.1,10034.6
54449,2021-04-01 10:16:00,10.0,1020.9,78,104,9.9,0.7,10477.1
54518,2021-04-01 10:16:00,12.6,1015.8,81,26,6.4,0.0,10094.3
54534,2021-04-01 10:16:00,29.6,1009.8,85,4,4.0,0.2,10201.9
54535,2021-04-01 10:16:00,28.5,1019.3,26,88,11.9,0.6,10346.6
54539,2021-04-01 10:16:00,13.1,1004.3,17,139,8.7,0.1,10413.5
54602,2021-04-01 10:16:00,10.4,1020.3,28,149,0.8,1.5,10362.0
54606,2021-04-01 10:16:00,19.8,1018.2,5,159,4.1,0.4,10176.2
54618,2021-04-01 10:16:00,16.0,1013.7,87,4,10.7,0.8,10480.2
54624,2021-04-01 10:16:00,2.5,1012.9,75,155,11.9,0.2,10064.3
54705,2021-04-01 10:16:00,32.1,1017.2,43,198,2.5,0.9,10418.2
53898,2021-04-01 10:16:00,29.5,1018.8,28,59,2.8,0.3,10129.2
53986,2021-04-01 10:16:00,26.1,1006.4,62,104,1.1,1.2,10380.2
57051,2021-04-01 10:16:00,23.6,1024.4,82,178,2.0,1.2,10135.4
57067,2021-04-01 10:16:00,12.1,1013.5,13,316,13.8,1.4,10429.2
57071,2021-04-01 10:16:00,15.5,1000.7,27,181,0.7,0.1,10386.4
57077,2021-04-01 10:16:00,27.5,1018.6,52,156,11.0,0.0,10434.4
57083,2021-04-01 10:16:00,11.9,1017.9,31,245,12.8,0.3,10343.3
57084,2021-04-01 10:16:00,3.1,1015.1,70,340,2.4,0.9,10006.9
57089,2021-04-01 10:16:00,22.9,1003.7,36,301,1.6,0.1,10411.8
57091,2021-04-01 10:16:00,26.1,1014.6,96,149,0.2,0.6,10096.0
57156,2021-04-01 10:16:00,19.2,1021.5,28,30,2.5,0.1,10438.9
57178,2021-04-01 10:16:00,21.4,1005.7,81,46,14.6,0.9,10070.4
57181,2021-04-01 10:16:00,25.7,1016.8,35,106,12.2,0.5,10216.8
57193,2021-04-01 10:16:00,24.4,1006.2,3,215,14.8,1.3,10336.1
57285,2021-04-01 10:16:00,30.2,1014.0,43,330,0.5,1.3,10064.5
57290,2021-04-01 10:16:00,11.2,1011.5,97,280,0.5,0.8,10339.5
57297,2021-04-01 10:16:00,4.3,1018.0,45,73,1.5,1.0,10477.2
58005,2021-04-01 10:16:00,28.4,1018.5,79,328,8.4,1.2,10204.0
58111,2021-04-01 10:16:00,9.9,1007.9,21,158,7.4,0.2,10430.2
58208,2021-04-01 10:16:00,21.3,1007.4,21,154,6.6,0.5,10010.4
50136,2021-04-01 10:16:00,32.9,1019.2,53,192,12.9,0.8,10316.7
50246,2021-04-01 10:16:00,6.9,1024.7,9,244,2.7,0.7,10165.9
50247,2021-04-01 10:16:00,9.1,1022.2,61,208,14.7,0.8,10326.7
50349,2021-04-01 10:16:00,29.9,1015.4,99,15,3.0,0.7,10243.3
50353,2021-04-01 10:16:00,22.9,1023.0,29,18,13.9,1.3,10403.1
50442,2021-04-01 10:16:00,1.7,1000.7,41,165,0.6,0.1,10247.1
50468,2021-04-01 10:16:00,0.3,1003.6,67,77,10.3,1.0,10309.3
50557,2021-04-01 10:16:00,24.5,1002.3,85,66,10.4,1.0,10207.6
50564,2021-04-01 10:16:00,21.3,1022.8,4,352,14.3,0.8,10492.8
50656,2021-04-01 10:16:00,31.9,1019.5,46,64,9.4,0.2,10475.0
50658,2021-04-01 10:16:00,34.7,1011.0,72,6,12.1,1.3,10118.7
50674,2021-04-01 10:16:00,9.9,1017.2,82,271,2.5,0.5,10343.3
50739,2021-04-01 10:16:00,4.8,1011.1,91,196,0.7,0.6,10325.7
50742,2021-04-01 10:16:00,15.1,1014.8,52,117,9.5,0.4,10134.5
50745,2021-04-01 10:16:00,4.8,1007.7,64,80,11.9,0.2,10370.2
50756,2021-04-01 10:16:00,31.3,1003.0,63,51,14.2,0.3,10157.0
50758,2021-04-01 10:16:00,24.2,1015.9,12,108,6.8,1.3,10023.3
50774,2021-04-01 10:16:00,5.4,1015.7,66,239,2.7,0.4,10404.7
50778,2021-04-01 10:16:00,14.6,1003.0,59,274,4.9,0.5,10266.5
50788,2021-04-01 10:16:00,1.1,1006.2,34,333,8.2,0.4,10306.6
50844,2021-04-01 10:16:00,22.2,1017.0,39,75,11.0,1.3,10433.3
50853,2021-04-01 10:16:00,22.4,1009.3,62,177,5.2,1.4,10084.8
50854,2021-04-01 10:16:00,22.5,1009.5,54,36,11.2,0.8,10475.4
50862,2021-04-01 10:16:00,7.1,1015.5,30,172,9.5,1.0,10283.2
50873,2021-04-01 10:16:00,7.3,1022.7,35,296,5.8,1.3,10305.6
50877,2021-04-01 10:16:00,34.0,1004.4,48,150,2.9,0.4,10039.6
50888,2021-04-01 10:16:00,19.7,1021.2,96,348,13.4,1.3,10476.1
50950,2021-04-01 10:16:00,20.7,1025.3,48,197,10.0,0.8,10486.5
50953,2021-04-01 10:16:00,14.5,1022.5,41,147,10.5,1.4,10483.6
50955,2021-04-01 10:16:00,17.5,1006.9,87,45,12.4,0.2,10011.1
50963,2021-04-01 10:16:00,33.7,1014.6,95,39,3.3,0.1,10471.0
50968,2021-04-01 10:16:00,4.2,1023.5,85,105,0.5,1.1,10454.9
50973,2021-04-01 10:16:00,21.1,1021.6,70,165,10.3,0.5,10123.6
50978,2021-04-01 10:16:00,16.6,1014.0,20,213,13.7,1.0,10358.5
50983,2021-04-01 10:16:00,29.2,1007.9,94,8,9.0,1.5,10266.2
54094,2021-04-01 10:16:00,32.3,1022.6,20,275,12.1,1.5,10197.8
54096,2021-04-01 10:16:00,15.2,1005.3,89,217,10.1,1.3,10490.9
57251,2021-04-01 10:16:00,24.1,1005.3,28,353,10.5,0.2,10252.1
57256,2021-04-01 10:16:00,11.0,1015.4,98,105,14.8,0.7,10211.9
57259,2021-04-01 10:16:00,4.5,1024.2,87,287,1.3,1.3,10232.4
57265,2021-04-01 10:16:00,32.8,1021.6,28,66,0.1,1.1,10221.5
57278,2021-04-01 10:16:00,30.7,1003.1,46,8,4.4,0.0,10494.9
57279,2021-04-01 10:16:00,22.3,1007.4,13,324,12.5,1.0,10288.2
57355,2021-04-01 10:16:00,0.4,1004.5,29,355,13.7,0.2,10026.8
57358,2021-04-01 10:16:00,33.8,1012.1,1,142,8.4,1.2,10497.2
57359,2021-04-01 10:16:00,13.1,1018.7,64,121,7.4,1.2,10063.6
57363,2021-04-01 10:16:00,3.2,1010.3,75,282,10.4,1.1,10346.4
57378,2021-04-01 10:16:00,31.0,1017.6,74,15,10.8,0.5,10112.6
57381,2021-04-01 10:16:00,33.5,1026.2,57,140,4.0,0.1,10086.4
57395,2021-04-01 10:16:00,7.1,1025.2,3,263,3.6,0.5,10313.2
57399,2021-04-01 10:16:00,17.6,1023.9,6,63,0.9,0.3,10295.6
57439,2021-04-01 10:16:00,18.8,1022.5,29,334,7.3,0.5,10179.0
57445,2021-04-01 10:16:00,25.6,1014.9,73,239,7.1,0.5,10233.0
57447,2021-04-01 10:16:00,34.4,1007.8,75,19,2.5,0.8,10318.3
57458,2021-04-01 10:16:00,34.0,1013.7,59,164,6.8,0.3,10478.2
57461,2021-04-01 10:16:00,14.9,1007.9,17,182,1.5,1.3,10495.0
57476,2021-04-01 10:16:00,11.3,1022.1,39,314,5.3,0.3,10438.4
57482,2021-04-01 10:16:00,26.6,1022.0,85,70,13.0,0.2,10148.8
57483,2021-04-01 10:16:00,21.5,1013.4,84,328,3.1,0.5,10347.8
57493,2021-04-01 10:16:00,17.8,1012.1,4,280,5.1,0.4,10191.5
57494,2021-04-01 10:16:00,28.3,1002.2,63,108,6.5,0.5,10185.1
57545,2021-04-01 10:16:00,24.7,1019.7,88,55,0.4,0.4,10239.7
57573,2021-04-01 10:16:00,7.4,1000.6,20,71,2.5,1.0,10387.7
57581,2021-04-01 10:16:00,10.2,1025.3,57,19,5.4,1.1,10128.4
57583,2021-04-01 10:16:00,20.1,1008.8,66,275,0.2,0.4,10038.4
57595,2021-04-01 10:16:00,14.9,1025.9,19,268,4.3,1.4,10401.7
58402,2021-04-01 10:16:00,0.5,1020.4,74,151,2.2,0.0,10253.3
58407,2021-04-01 10:16:00,20.1,1007.6,86,148,14.4,0.1,10318.6
58500,2021-04-01 10:16:00,26.9,1018.5,12,146,13.8,0.5,10312.8
57554,2021-04-01 10:16:00,19.0,1012.2,19,321,3.6,0.4,10013.1
57562,2021-04-01 10:16:00,33.7,1024.8,38,268,3.4,0.2,10374.1
57574,2021-04-01 10:16:00,32.1,1022.9,86,135,10.2,0.6,10176.8
57584,2021-04-01 10:16:00,16.1,1013.9,84,250,1.9,0.7,10459.4
57642,2021-04-01 10:16:00,23.9,1014.4,43,222,3.1,0.8,10165.1
57649,2021-04-01 10:16:00,19.1,1009.6,18,130,9.9,1.4,10354.8
57655,2021-04-01 10:16:00,12.2,1009.3,90,153,12.2,0.2,10423.3
57662,2021-04-01 10:16:00,11.1,1006.4,64,245,5.8,0.7,10399.0
57669,2021-04-01 10:16:00,24.6,1005.6,85,279,7.0,1.4,10352.5
57671,2021-04-01 10:16:00,2.4,1017.9,58,62,9.2,1.0,10459.0
57673,2021-04-01 10:16:00,0.3,1006.2,51,287,10.0,1.5,10342.9
57679,2021-04-01 10:16:00,19.0,1025.5,21,40,11.1,0.4,10187.0
57682,2021-04-01 10:16:00,27.6,1022.5,54,351,13.3,0.1,10429.1
57687,2021-04-01 10:16:00,3.3,1022.6,85,138,10.5,0.1,10395.3
57745,2021-04-01 10:16:00,29.1,1025.6,5,222,10.3,0.6,10402.1
57749,2021-04-01 10:16:00,10.8,1004.7,95,341,1.4,1.5,10446.2
57752,2021-04-01 10:16:00,25.2,1000.3,12,121,9.0,0.9,10319.8
57758,2021-04-01 10:16:00,17.8,1023.4,48,290,2.0,1.1,10119.6
57761,2021-04-01 10:16:00,22.2,1020.3,21,36,14.9,1.2,10113.2
57766,2021-04-01 10:16:00,4.3,1003.2,42,221,8.1,1.5,10430.3
57774,2021-04-01 10:16:00,28.8,1002.9,29,196,10.7,0.3,10231.9
57776,2021-04-01 10:16:00,22.5,1011.1,84,14,6.3,1.4,10163.9
57779,2021-04-01 10:16:00,22.4,1022.8,93,283,9.6,0.0,10153.5
57780,2021-04-01 10:16:00,19.6,1021.5,63,32,12.4,1.1,10085.4
57841,2021-04-01 10:16:00,19.0,1014.8,9,314,9.7,0.0,10370.0
57845,2021-04-01 10:16:00,34.1,1023.3,10,26,3.4,0.4,10078.8
57853,2021-04-01 10:16:00,30.2,1021.3,38,113,4.6,1.4,10340.9
57857,2021-04-01 10:16:00,9.9,1023.1,92,313,3.7,0.6,10489.4
57860,2021-04-01 10:16:00,16.1,1008.6,64,359,10.4,0.0,10326.5
57866,2021-04-01 10:16:00,29.8,1018.5,5,9,3.8,0.5,10198.0
57872,2021-04-01 10:16:00,2.0,1017.6,49,124,4.0,1.4,10367.6
57874,2021-04-01 10:16:00,2.1,1022.3,10,235,11.6,1.3,10107.0
57889,2021-04-01 10:16:00,24.3,1014.2,27,7,6.8,1.3,10230.4
57965,2021-04-01 10:16:00,18.5,1019.3,60,247,12.4,0.0,10197.3
57972,2021-04-01 10:16:00,29.8,1023.6,56,271,4.5,0.0,10163.0
57974,2021-04-01 10:16:00,32.9,1008.9,78,35,1.2,1.1,10275.8
50936,2021-04-01 10:16:00,12.2,1004.2,92,274,4.9,0.1,10366.8
50945,2021-04-01 10:16:00,20.5,1004.6,40,192,12.4,0.6,10486.2
50948,2021-04-01 10:16:00,34.5,1020.6,60,237,0.0,0.3,10181.4
50949,2021-04-01 10:16:00,18.0,1001.8,29,302,6.7,0.2,10434.9
54041,2021-04-01 10:16:00,8.6,1022.2,73,71,3.9,0.4,10257.1
54049,2021-04-01 10:16:00,19.4,1012.8,99,39,9.4,0.9,10480.2
54063,2021-04-01 10:16:00,17.8,1003.0,76,323,10.8,0.7,10371.7
54064,2021-04-01 10:16:00,31.6,1024.9,54,197,7.7,0.5,10267.8
54142,2021-04-01 10:16:00,27.6,1005.1,2,65,8.8,0.5,10125.9
54157,2021-04-01 10:16:00,27.8,1018.9,35,281,2.3,0.4,10421.5
54161,2021-04-01 10:16:00,18.4,1026.4,86,252,11.6,0.0,10219.4
54165,2021-04-01 10:16:00,15.5,1025.1,61,47,10.5,0.5,10362.2
54171,2021-04-01 10:16:00,20.4,1026.2,37,228,3.8,0.5,10375.0
54181,2021-04-01 10:16:00,2.9,1021.9,95,80,0.4,0.0,10469.7
54186,2021-04-01 10:16:00,27.0,1019.9,16,38,9.0,1.2,10257.7
54195,2021-04-01 10:16:00,13.2,1021.9,12,333,11.6,0.3,10257.4
54260,2021-04-01 10:16:00,20.1,1018.2,17,28,13.6,0.8,10498.8
54263,2021-04-01 10:16:00,6.1,1002.3,47,277,5.8,0.4,10114.1
54266,2021-04-01 10:16:00,3.8,1010.7,53,351,13.8,1.1,10199.4
54273,2021-04-01 10:16:00,34.0,1011.9,33,299,13.5,1.1,10121.1
54276,2021-04-01 10:16:00,13.5,1002.7,97,157,5.6,1.3,10491.7
54284,2021-04-01 10:16:00,25.2,1019.9,26,50,1.5,0.7,10202.6
54285,2021-04-01 10:16:00,24.1,1012.8,47,7,3.5,0.6,10193.7
54286,2021-04-01 10:16:00,15.4,1002.2,72,267,3.6,1.2,10167.0
54292,2021-04-01 10:16:00,19.6,1004.6,72,107,6.8,1.1,10281.2
54363,2021-04-01 10:16:00,12.4,1021.7,94,338,5.2,0.2,10242.3
54374,2021-04-01 10:16:00,12.2,1014.2,70,244,5.5,1.1,10452.0
54377,2021-04-01 10:16:00,33.2,1001.2,14,189,3.4,0.4,10272.4
54386,2021-04-01 10:16:00,21.2,1015.0,23,37,14.2,1.3,10035.1
58026,2021-04-01 10:16:00,3.4,1005.8,81,229,14.5,0.9,10268.3
58027,2021-04-01 10:16:00,13.2,1011.9,49,128,3.6,0.1,10384.0
58038,2021-04-01 10:16:00,14.2,1013.1,96,256,5.3,0.8,10303.4
58040,2021-04-01 10:16:00,9.1,1023.5,34,193,13.7,1.2,10183.3
58047,2021-04-01 10:16:00,17.7,1014.1,88,84,1.6,0.0,10485.2
58130,2021-04-01 10:16:00,16.8,1011.8,93,163,8.9,1.3,10261.2
58135,2021-04-01 10:16:00,20.3,1011.7,97,119,10.1,0.0,10407.5
58138,2021-04-01 10:16:00,2.8,1007.4,14,136,9.9,0.2,10164.4
58141,2021-04-01 10:16:00,26.7,1022.4,73,208,10.8,0.8,10303.7
58143,2021-04-01 10:16:00,20.8,1002.0,98,158,2.5,0.6,10077.6
58150,2021-04-01 10:16:00,1.7,1024.0,39,202,9.9,0.6,10125.8
58158,2021-04-01 10:16:00,5.9,1020.0,22,77,13.7,0.6,10117.4
58238,2021-04-01 10:16:00,27.2,1023.9,67,15,4.1,1.5,10258.8
58241,2021-04-01 10:16:00,20.3,1012.3,9,265,8.5,1.0,10240.2
58251,2021-04-01 10:16:00,19.4,1021.8,23,247,13.5,0.0,10157.0
58252,2021-04-01 10:16:00,6.0,1014.3,88,217,8.1,0.4,10345.1
58255,2021-04-01 10:16:00,24.5,1003.6,4,56,3.1,0.1,10117.6
58259,2021-04-01 10:16:00,18.6,1023.0,77,153,6.5,0.4,10358.7
58265,2021-04-01 10:16:00,22.2,1003.7,67,343,9.0,0.4,10074.4
58343,2021-04-01 10:16:00,7.0,1003.5,17,302,10.1,1.2,10176.8
58345,2021-04-01 10:16:00,15.5,1018.4,50,220,6.1,0.0,10328.2
58354,2021-04-01 10:16:00,18.3,1022.3,89,88,8.6,0.4,10477.1
58356,2021-04-01 10:16:00,26.5,1018.8,92,272,9.5,1.4,10042.7
58358,2021-04-01 10:16:00,25.0,1013.0,10,95,10.3,1.4,10260.0
57598,2021-04-01 10:16:00,27.0,1020.7,33,146,14.8,0.1,10307.9
57696,2021-04-01 10:16:00,1.8,1021.0,95,75,5.9,1.5,10470.8
57789,2021-04-01 10:16:00,18.1,1013.3,17,86,0.6,0.0,10253.4
57793,2021-04-01 10:16:00,25.3,1022.5,18,114,2.2,1.1,10025.5
57799,2021-04-01 10:16:00,23.7,1001.7,44,201,13.9,0.3,10011.1
57894,2021-04-01 10:16:00,34.4,1024.9,58,219,14.6,0.4,10424.6
57896,2021-04-01 10:16:00,1.6,1021.1,83,222,4.6,1.4,10123.7
57993,2021-04-01 10:16:00,21.3,1015.8,52,79,3.0,0.1,10347.9
58506,2021-04-01 10:16:00,17.6,1000.0,67,132,5.9,0.1,10114.4
58507,2021-04-01 10:16:00,17.7,1017.9,86,357,14.8,0.3,10073.3
58519,2021-04-01 10:16:00,17.2,1024.6,48,162,4.2,0.1,10151.3
58527,2021-04-01 10:16:00,26.3,1009.7,58,35,3.8,0.1,10227.8
58600,2021-04-01 10:16:00,28.1,1009.2,12,23,8.4,1.4,10409.8
58606,2021-04-01 10:16:00,30.2,1007.6,23,11,13.0,1.1,10218.1
58608,2021-04-01 10:16:00,24.3,1023.4,22,47,0.5,0.8,10125.4
58622,2021-04-01 10:16:00,5.4,1015.7,38,120,7.6,0.7,10442.7
58626,2021-04-01 10:16:00,31.2,1020.8,43,25,9.0,0.9,10449.8
58634,2021-04-01 10:16:00,33.0,1015.0,69,227,7.9,1.4,10365.6
58637,2021-04-01 10:16:00,29.3,1007.2,91,202,5.8,1.5,10378.1
58705,2021-04-01 10:16:00,24.4,1014.1,3,125,2.8,0.3,10350.4
58715,2021-04-01 10:16:00,32.2,1022.5,46,263,4.8,1.5,10181.6
58718,2021-04-01 10:16:00,21.3,1017.4,22,12,8.2,1.3,10104.3
58806,2021-04-01 10:16:00,29.0,1002.9,42,122,13.8,1.2,10073.0
58813,2021-04-01 10:16:00,25.3,1001.5,38,252,2.9,0.7,10267.4
59092,2021-04-01 10:16:00,15.6,1024.5,88,116,7.5,0.8,10245.9
59102,2021-04-01 10:16:00,28.6,1003.3,1,164,1.8,0.5,10146.7
54236,2021-04-01 10:16:00,5.3,1005.5,9,215,5.1,1.4,10315.7
54237,2021-04-01 10:16:00,9.6,1015.4,7,347,8.1,1.1,10117.1
54243,2021-04-01 10:16:00,9.2,1007.2,83,220,12.4,0.1,10129.0
54254,2021-04-01 10:16:00,2.5,1021.9,29,75,12.7,0.1,10372.6
54259,2021-04-01 10:16:00,10.1,1018.9,70,289,11.9,0.1,10251.7
54324,2021-04-01 10:16:00,28.5,1011.9,55,253,1.5,0.8,10441.4
54326,2021-04-01 10:16:00,20.3,1014.0,54,311,14.4,1.1,10263.7
54333,2021-04-01 10:16:00,28.3,1008.8,21,280,1.4,0.0,10030.4
54334,2021-04-01 10:16:00,32.2,1002.9,88,241,13.4,1.2,10071.5
54335,2021-04-01 10:16:00,5.9,1002.1,60,138,11.7,0.5,10107.3
54337,2021-04-01 10:16:00,22.3,1003.2,45,334,13.5,0.9,10055.2
54339,2021-04-01 10:16:00,21.9,1009.3,30,188,9.7,1.3,10371.7
54342,2021-04-01 10:16:00,15.9,1011.9,16,335,3.1,1.1,10175.6
54346,2021-04-01 10:16:00,34.6,1014.4,93,304,14.7,0.7,10381.5
54349,2021-04-01 10:16:00,31.9,1002.9,99,90,9.6,0.2,10376.9
54351,2021-04-01 10:16:00,17.1,1012.4,30,83,8.2,1.4,10408.4
54353,2021-04-01 10:16:00,25.2,1011.4,32,313,1.1,1.0,10319.8
54365,2021-04-01 10:16:00,33.9,1018.1,98,71,11.3,0.5,10286.2
54452,2021-04-01 10:16:00,30.8,1007.3,91,157,11.2,0.4,10272.8
54454,2021-04-01 10:16:00,1.9,1023.2,12,72,2.8,1.3,10079.4
54455,2021-04-01 10:16:00,6.3,1025.3,19,252,11.5,0.5,10467.6
54470,2021-04-01 10:16:00,5.4,1021.4,87,40,0.3,0.7,10150.0
54471,2021-04-01 10:16:00,17.7,1024.5,67,60,1.8,0.8,10082.1
54472,2021-04-01 10:16:00,16.1,1009.1,38,232,12.9,0.9,10241.3
54476,2021-04-01 10:16:00,10.0,1013.4,92,80,14.9,1.3,10369.7
54486,2021-04-01 10:16:00,11.1,1010.4,3,120,11.4,0.0,10248.6
54493,2021-04-01 10:16:00,31.9,1014.9,44,89,10.1,0.6,10068.9
54497,2021-04-01 10:16:00,20.4,1018.8,80,203,6.5,0.1,10405.0
54563,2021-04-01 10:16:00,24.5,1020.3,33,163,1.4,1.5,10330.7
54579,2021-04-01 10:16:00,31.6,1024.9,90,210,0.3,0.3,10063.3
54584,2021-04-01 10:16:00,29.8,1016.9,84,248,10.8,1.0,10386.5
54660,2021-04-01 10:16:00,8.4,1010.3,100,72,0.9,0.6,10263.9
54662,2021-04-01 10:16:00,2.0,1007.0,83,200,11.3,0.2,10383.4
50425,2021-04-01 10:16:00,18.2,1018.4,100,283,3.3,0.0,10270.4
50434,2021-04-01 10:16:00,12.9,1018.9,96,176,6.8,0.2,10092.9
50514,2021-04-01 10:16:00,28.8,1009.4,27,309,14.9,0.9,10346.5
50527,2021-04-01 10:16:00,11.3,1008.8,9,14,5.1,0.6,10234.4
50548,2021-04-01 10:16:00,19.2,1005.1,31,186,10.5,0.1,10417.8
50603,2021-04-01 10:16:00,33.4,1017.0,67,256,10.4,0.9,10324.7
50618,2021-04-01 10:16:00,23.3,1005.9,82,242,0.3,1.1,10187.8
50632,2021-04-01 10:16:00,1.2,1014.9,17,115,8.9,0.4,10200.4
50639,2021-04-01 10:16:00,8.3,1022.8,57,139,7.9,0.2,10291.1
50727,2021-04-01 10:16:00,15.5,1025.9,99,336,3.9,0.4,10442.8
50834,2021-04-01 10:16:00,23.4,1022.7,90,321,7.1,1.0,10329.6
50838,2021-04-01 10:16:00,30.3,1013.9,67,1,1.5,1.4,10192.6
50915,2021-04-01 10:16:00,13.5,1014.3,50,207,7.9,1.3,10109.0
50924,2021-04-01 10:16:00,20.4,1000.5,64,207,6.5,0.1,10326.5
52267,2021-04-01 10:16:00,21.8,1017.0,33,172,0.5,0.2,10431.8
52495,2021-04-01 10:16:00,12.1,1017.6,50,135,2.8,1.1,10222.7
52576,2021-04-01 10:16:00,13.9,1002.7,37,328,11.2,0.9,10276.6
53068,2021-04-01 10:16:00,21.5,1002.6,55,274,8.6,0.2,10366.7
53083,2021-04-01 10:16:00,22.3,1010.6,29,98,0.9,0.9,10036.4
53149,2021-04-01 10:16:00,0.2,1020.5,88,112,8.3,1.2,10056.8
53192,2021-04-01 10:16:00,17.4,1024.1,36,125,11.0,0.3,10094.3
53195,2021-04-01 10:16:00,31.5,1013.7,54,16,0.0,0.8,10354.2
53276,2021-04-01 10:16:00,1.5,1025.8,24,12,1.1,1.1,10325.7
53336,2021-04-01 10:16:00,15.8,1021.9,65,34,10.1,1.5,10293.2
53352,2021-04-01 10:16:00,8.9,1008.5,27,56,4.8,0.2,10438.5
53362,2021-04-01 10:16:00,13.7,1007.3,12,252,14.0,0.0,10460.6
53367,2021-04-01 10:16:00,33.8,1013.6,19,129,0.6,0.9,10084.0
53391,2021-04-01 10:16:00,31.2,1019.5,24,38,6.1,0.7,10095.0
53446,2021-04-01 10:16:00,2.5,1000.2,5,40,3.4,0.6,10332.1
53463,2021-04-01 10:16:00,32.2,1016.2,3,52,7.8,0.9,10467.3
53480,2021-04-01 10:16:00,20.3,1005.9,26,351,10.6,1.2,10140.8
53502,2021-04-01 10:16:00,4.6,1024.4,66,340,13.6,0.8,10455.6
53513,2021-04-01 10:16:00,22.5,1003.6,49,293,7.3,0.8,10075.9
53529,2021-04-01 10:16:00,32.1,1009.9,10,182,12.9,0.3,10281.6
53543,2021-04-01 10:16:00,31.9,1012.6,13,349,10.6,0.9,10206.5
53547,2021-04-01 10:16:00,12.0,1002.0,85,308,7.5,0.1,10105.4
53602,2021-04-01 10:16:00,13.9,1025.3,33,49,12.4,0.0,10027.6
54012,2021-04-01 10:16:00,27.0,1005.4,88,238,12.0,0.1,10469.5
54026,2021-04-01 10:16:00,15.7,1018.7,88,170,8.9,1.1,10194.8
54027,2021-04-01 10:16:00,7.3,1013.1,33,31,2.6,0.9,10348.0
54102,2021-04-01 10:16:00,14.0,1024.0,1,35,6.4,0.8,10456.6
54115,2021-04-01 10:16:00,5.0,1004.1,100,138,10.2,1.4,10288.1
54134,2021-04-01 10:16:00,33.4,1007.5,98,156,4.8,0.4,10223.5
54135,2021-04-01 10:16:00,27.0,1025.8,80,316,3.1,0.3,10426.0
54208,2021-04-01 10:16:00,20.4,1026.0,91,181,5.3,0.3,10017.7
54213,2021-04-01 10:16:00,27.6,1011.9,53,207,4.6,1.5,10053.5
54218,2021-04-01 10:16:00,8.2,1018.7,43,243,2.7,0.7,10263.5
54226,2021-04-01 10:16:00,32.2,1020.8,40,158,11.8,0.6,10133.8
53519,2021-04-01 10:16:00,19.4,1002.1,6,288,1.2,0.4,10271.6
53612,2021-04-01 10:16:00,14.9,1025.3,98,144,12.2,1.0,10356.7
53614,2021-04-01 10:16:00,7.9,1014.8,38,99,9.5,0.4,10480.7
53615,2021-04-01 10:16:00,4.0,1006.1,47,54,5.1,1.3,10270.6
53704,2021-04-01 10:16:00,12.7,1020.0,80,220,8.7,1.3,10464.6
53705,2021-04-01 10:16:00,11.7,1024.5,51,336,7.8,0.0,10373.5
53723,2021-04-01 10:16:00,17.1,1008.8,92,233,5.3,0.9,10357.9
53806,2021-04-01 10:16:00,13.2,1014.8,39,8,3.6,0.9,10177.8
53810,2021-04-01 10:16:00,18.1,1022.2,8,227,2.8,0.3,10126.2
53817,2021-04-01 10:16:00,1.0,1025.4,10,26,11.1,0.7,10130.1
53903,2021-04-01 10:16:00,23.2,1009.2,35,43,5.7,0.9,10432.4
53910,2021-04-01 10:16:00,19.6,1020.3,13,56,2.1,0.3,10260.8
51886,2021-04-01 10:16:00,0.7,1024.0,79,168,6.4,1.0,10232.5
52602,2021-04-01 10:16:00,20.0,1017.5,88,19,5.1,0.0,10122.7
52633,2021-04-01 10:16:00,11.7,1023.3,60,95,1.7,0.9,10212.1
52645,2021-04-01 10:16:00,14.4,1007.3,20,230,3.1,1.5,10150.4
52657,2021-04-01 10:16:00,0.9,1006.1,51,5,7.6,1.2,10052.7
52707,2021-04-01 10:16:00,16.3,1022.1,73,165,4.1,0.4,10399.0
52713,2021-04-01 10:16:00,29.4,1000.3,75,6,11.6,0.6,10018.8
52737,2021-04-01 10:16:00,5.9,1018.6,13,21,0.4,1.5,10189.5
52754,2021-04-01 10:16:00,8.5,1009.9,58,13,0.1,1.5,10153.4
52765,2021-04-01 10:16:00,17.4,1016.9,76,112,5.6,1.5,10451.2
52818,2021-04-01 10:16:00,10.4,1008.2,60,174,6.6,1.3,10381.7
52825,2021-04-01 10:16:00,12.9,1011.9,67,240,0.1,1.0,10448.0
52833,2021-04-01 10:16:00,10.7,1002.1,37,325,2.7,0.9,10470.0
52836,2021-04-01 10:16:00,5.6,1005.4,1,240,9.4,0.3,10015.5
52842,2021-04-01 10:16:00,34.6,1018.3,47,43,8.0,0.5,10242.0
52856,2021-04-01 10:16:00,34.5,1016.6,3,275,1.0,0.0,10386.4
52866,2021-04-01 10:16:00,22.2,1023.8,42,31,6.1,0.1,10003.8
52868,2021-04-01 10:16:00,31.9,1024.3,8,259,7.7,1.1,10424.7
52876,2021-04-01 10:16:00,0.4,1017.3,68,125,5.6,1.0,10228.8
52908,2021-04-01 10:16:00,1.1,1014.1,31,319,11.2,0.0,10288.3
52943,2021-04-01 10:16:00,32.2,1005.2,82,58,0.2,1.4,10255.9
52955,2021-04-01 10:16:00,34.0,1002.2,79,264,2.5,0.5,10460.4
52974,2021-04-01 10:16:00,18.7,1016.9,59,318,2.7,0.9,10328.2
56004,2021-04-01 10:16:00,11.4,1004.1,37,106,11.3,0.7,10476.6
56018,2021-04-01 10:16:00,1.9,1009.6,92,62,0.6,0.8,10431.9
56021,2021-04-01 10:16:00,13.2,1001.9,55,176,5.1,0.0,10132.0
56029,2021-04-01 10:16:00,33.2,1023.6,8,312,1.6,0.9,10316.6
56033,2021-04-01 10:16:00,0.5,1023.2,19,111,8.4,0.6,10091.6
56034,2021-04-01 10:16:00,16.4,1004.8,75,46,12.5,1.3,10302.2
56043,2021-04-01 10:16:00,22.5,1005.4,23,303,8.8,0.0,10297.2
56046,2021-04-01 10:16:00,16.1,1005.3,52,221,3.6,1.0,10211.9
56065,2021-04-01 10:16:00,7.4,1003.7,69,170,2.0,0.6,10486.3
56067,2021-04-01 10:16:00,31.8,1000.0,43,165,6.8,1.2,10131.8
56125,2021-04-01 10:16:00,0.5,1011.8,61,68,2.2,1.4,10172.9
56151,2021-04-01 10:16:00,19.9,1015.0,96,286,13.0,0.3,10477.5
54715,2021-04-01 10:16:00,31.9,1021.4,87,331,13.9,0.6,10249.7
54725,2021-04-01 10:16:00,9.9,1018.5,7,307,14.0,0.8,10143.8
54727,2021-04-01 10:16:00,26.6,1021.1,4,108,9.9,1.2,10010.1
54744,2021-04-01 10:16:00,20.3,1020.0,13,238,6.5,0.8,10045.1
54751,2021-04-01 10:16:00,15.1,1024.2,78,264,11.8,0.3,10395.9
54753,2021-04-01 10:16:00,2.6,1006.9,61,168,1.6,0.6,10397.6
54764,2021-04-01 10:16:00,17.7,1010.6,8,109,3.4,0.7,10223.6
54774,2021-04-01 10:16:00,15.8,1013.2,66,298,12.9,0.6,10087.4
54776,2021-04-01 10:16:00,18.7,1024.3,47,104,4.5,1.5,10240.5
54808,2021-04-01 10:16:00,15.7,1004.3,48,83,10.9,1.1,10405.8
54823,2021-04-01 10:16:00,14.4,1018.5,80,274,14.1,1.0,10176.6
54826,2021-04-01 10:16:00,11.6,1017.4,81,112,2.8,1.0,10421.9
54836,2021-04-01 10:16:00,4.1,1020.1,73,217,6.4,0.2,10387.6
54842,2021-04-01 10:16:00,30.8,1000.3,63,24,3.1,1.3,10088.4
54843,2021-04-01 10:16:00,17.3,1010.9,92,288,4.4,1.4,10491.3
54857,2021-04-01 10:16:00,22.9,1024.8,7,75,10.8,1.1,10228.3
54863,2021-04-01 10:16:00,1.6,1011.7,4,136,6.3,0.3,10022.2
54909,2021-04-01 10:16:00,6.2,1011.5,8,10,4.0,1.3,10021.5
54916,2021-04-01 10:16:00,32.9,1011.7,67,23,10.1,0.5,10203.8
54929,2021-04-01 10:16:00,24.2,1018.4,88,136,3.7,0.5,10095.6
54936,2021-04-01 10:16:00,10.1,1011.2,84,116,7.1,0.6,10009.1
54945,2021-04-01 10:16:00,8.9,1006.3,91,5,10.8,0.1,10484.3
58034,2021-04-01 10:16:00,16.3,1009.5,75,301,0.2,0.0,10267.8
53478,2021-04-01 10:16:00,28.5,1017.1,22,354,3.0,0.8,10466.3
53487,2021-04-01 10:16:00,29.3,1021.8,94,249,3.8,0.5,10235.4
53490,2021-04-01 10:16:00,26.2,1007.5,42,206,12.9,1.5,10202.4
53564,2021-04-01 10:16:00,27.3,1008.0,72,48,10.2,1.3,10429.8
53578,2021-04-01 10:16:00,33.1,1019.4,51,283,14.0,0.7,10482.6
53579,2021-04-01 10:16:00,4.2,1024.1,60,333,3.7,0.4,10202.8
53588,2021-04-01 10:16:00,21.3,1023.1,20,86,4.9,0.5,10217.6
53594,2021-04-01 10:16:00,33.1,1010.2,97,197,12.5,1.1,10236.7
53663,2021-04-01 10:16:00,2.7,1001.6,20,106,0.5,0.5,10186.6
53664,2021-04-01 10:16:00,7.9,1001.8,71,209,7.6,0.9,10169.7
53673,2021-04-01 10:16:00,2.3,1024.6,26,180,1.9,0.8,10069.0
53687,2021-04-01 10:16:00,13.7,1008.7,12,126,5.2,0.7,10460.0
53764,2021-04-01 10:16:00,4.2,1020.8,74,186,9.4,0.4,10120.9
53772,2021-04-01 10:16:00,10.3,1000.9,47,198,10.7,1.3,10065.3
53775,2021-04-01 10:16:00,32.7,1020.8,83,349,3.6,1.1,10471.1
53787,2021-04-01 10:16:00,16.1,1025.0,69,64,6.3,0.4,10193.5
53853,2021-04-01 10:16:00,14.5,1010.6,40,194,12.0,1.2,10491.4
53859,2021-04-01 10:16:00,28.7,1003.7,98,200,12.1,1.2,10424.7
53863,2021-04-01 10:16:00,2.2,1023.0,39,5,11.5,1.2,10470.7
53868,2021-04-01 10:16:00,32.0,1006.9,57,328,8.4,0.8,10430.2
53877,2021-04-01 10:16:00,1.5,1016.4,8,14,14.8,1.0,10475.7
53882,2021-04-01 10:16:00,4.4,1013.3,14,286,2.0,0.6,10403.0
53884,2021-04-01 10:16:00,32.5,1024.5,78,293,2.5,1.1,10207.8
53959,2021-04-01 10:16:00,0.1,1006.2,6,15,6.6,0.1,10230.6
53963,2021-04-01 10:16:00,7.3,1010.7,40,132,14.4,1.5,10425.9
53968,2021-04-01 10:16:00,20.2,1000.4,80,12,11.2,0.8,10079.7
53975,2021-04-01 10:16:00,12.3,1017.6,10,115,6.7,1.4,10229.9
57052,2021-04-01 10:16:00,8.1,1015.5,92,127,14.2,0.8,10455.3
53646,2021-04-01 10:16:00,1.1,1000.1,90,102,4.8,1.3,10148.3
53651,2021-04-01 10:16:00,31.8,1018.0,34,214,7.9,0.8,10009.4
53725,2021-04-01 10:16:00,11.2,1002.6,50,46,1.4,0.6,10387.4
53735,2021-04-01 10:16:00,19.6,1017.1,7,60,0.3,0.5,10046.6
53738,2021-04-01 10:16:00,25.7,1006.2,55,187,5.8,1.5,10281.3
53740,2021-04-01 10:16:00,8.9,1012.6,89,81,0.6,0.9,10453.5
53754,2021-04-01 10:16:00,15.3,1026.2,35,292,9.5,1.5,10350.7
53845,2021-04-01 10:16:00,23.2,1016.3,17,175,4.1,0.7,10207.1
53854,2021-04-01 10:16:00,30.8,1009.7,95,203,7.0,0.8,10424.9
53929,2021-04-01 10:16:00,13.5,1011.9,25,249,7.0,1.2,10153.4
53942,2021-04-01 10:16:00,12.0,1004.9,80,19,2.8,0.5,10399.6
53948,2021-04-01 10:16:00,24.0,1014.6,14,254,14.4,1.4,10413.8
53955,2021-04-01 10:16:00,27.9,1018.0,57,162,7.9,1.5,10466.2
57003,2021-04-01 10:16:00,34.2,1006.8,29,172,4.7,1.2,10058.9
57025,2021-04-01 10:16:00,10.4,1026.0,65,89,11.1,0.3,10465.7
57028,2021-04-01 10:16:00,18.4,1012.9,24,314,1.0,1.2,10493.8
57030,2021-04-01 10:16:00,35.0,1011.0,35,204,7.7,0.7,10192.1
57034,2021-04-01 10:16:00,13.6,1000.1,6,28,14.9,0.1,10393.9
57037,2021-04-01 10:16:00,19.5,1016.2,15,209,1.4,1.4,10462.2
57046,2021-04-01 10:16:00,23.5,1022.9,91,39,3.5,0.9,10254.7
57048,2021-04-01 10:16:00,32.4,1010.8,88,161,12.6,0.9,10055.0
57049,2021-04-01 10:16:00,8.9,1016.4,78,232,6.2,1.0,10305.8
57106,2021-04-01 10:16:00,15.5,1010.9,66,33,11.3,0.3,10028.7
57124,2021-04-01 10:16:00,25.2,1000.7,5,28,3.8,0.2,10009.4
57127,2021-04-01 10:16:00,6.1,1001.6,14,88,11.4,0.0,10028.9
57131,2021-04-01 10:16:00,30.1,1010.9,72,128,9.0,1.2,10249.9
57134,2021-04-01 10:16:00,27.3,1004.7,86,5,0.2,0.3,10083.1
57140,2021-04-01 10:16:00,13.7,1010.9,65,227,14.6,1.2,10223.8
57143,2021-04-01 10:16:00,31.9,1001.9,36,227,2.5,0.8,10252.1
57144,2021-04-01 10:16:00,24.5,1013.1,2,34,7.5,0.4,10039.9
57154,2021-04-01 10:16:00,34.5,1020.3,95,78,10.5,0.8,10402.9
57211,2021-04-01 10:16:00,15.8,1013.3,66,357,11.7,0.1,10440.3
57232,2021-04-01 10:16:00,22.0,1008.4,33,222,1.5,1.1,10191.8
57238,2021-04-01 10:16:00,6.5,1013.5,42,14,1.6,0.2,10061.0
57245,2021-04-01 10:16:00,17.3,1020.4,55,301,9.2,1.2,10185.5
57343,2021-04-01 10:16:00,10.1,1007.0,68,177,1.5,0.8,10162.6
58362,2021-04-01 10:16:00,31.3,1010.6,11,171,6.7,1.4,10492.6
56038,2021-04-01 10:16:00,26.6,1025.9,16,295,7.5,0.9,10388.3
56079,2021-04-01 10:16:00,7.7,1011.8,34,17,2.2,1.5,10185.4
56144,2021-04-01 10:16:00,4.5,1021.0,30,154,12.2,0.0,10348.1
56146,2021-04-01 10:16:00,32.7,1007.5,58,233,5.1,1.5,10430.1
56152,2021-04-01 10:16:00,7.0,1025.5,30,21,12.1,0.1,10288.3
56167,2021-04-01 10:16:00,16.0,1015.1,91,182,5.9,0.8,10334.1
56172,2021-04-01 10:16:00,10.0,1011.8,82,98,0.5,1.4,10343.5
56173,2021-04-01 10:16:00,3.5,1022.6,36,108,4.6,0.0,10226.7
56178,2021-04-01 10:16:00,21.2,1023.2,18,237,7.2,1.4,10441.5
56182,2021-04-01 10:16:00,4.4,1025.0,53,194,10.3,0.2,10479.5
56187,2021-04-01 10:16:00,29.5,1004.8,68,87,13.4,1.2,10208.2
56188,2021-04-01 10:16:00,18.1,1010.5,63,169,2.3,0.5,10214.9
56196,2021-04-01 10:16:00,26.4,1009.7,31,60,5.4,0.3,10077.0
56247,2021-04-01 10:16:00,33.7,1000.3,14,273,4.5,1.3,10338.6
56251,2021-04-01 10:16:00,18.2,1001.4,56,34,13.0,1.0,10166.1
56257,2021-04-01 10:16:00,23.7,1007.2,11,65,8.5,0.0,10363.4
56287,2021-04-01 10:16:00,33.9,1018.2,13,260,6.6,1.1,10125.9
56357,2021-04-01 10:16:00,6.9,1017.2,43,350,4.0,1.5,10208.2
56374,2021-04-01 10:16:00,7.7,1020.5,44,77,8.0,1.4,10374.7
56385,2021-04-01 10:16:00,16.2,1005.3,65,226,9.7,0.2,10186.0
56386,2021-04-01 10:16:00,6.9,1008.4,7,283,12.3,0.7,10150.1
56459,2021-04-01 10:16:00,21.9,1014.9,28,151,10.8,1.0,10358.5
56462,2021-04-01 10:16:00,22.1,1001.5,37,107,14.8,1.5,10148.0
56475,2021-04-01 10:16:00,28.6,1023.7,76,32,5.7,1.5,10494.1
56479,2021-04-01 10:16:00,19.4,1024.7,2,111,1.6,1.2,10101.6
56485,2021-04-01 10:16:00,22.1,1003.1,14,170,9.7,0.8,10064.8
56492,2021-04-01 10:16:00,29.2,1021.7,55,286,8.8,0.3,10466.8
56565,2021-04-01 10:16:00,3.3,1022.4,70,148,10.8,0.0,10264.9
56571,2021-04-01 10:16:00,23.8,1014.7,31,334,10.5,0.3,10303.2
56666,2021-04-01 10:16:00,28.1,1025.8,4,267,12.4,0.0,10248.0
56671,2021-04-01 10:16:00,9.9,1025.8,92,149,12.1,0.5,10130.5
57206,2021-04-01 10:16:00,14.4,1011.3,82,249,6.5,0.6,10240.8
57237,2021-04-01 10:16:00,25.5,1017.9,82,323,3.6,1.5,10187.3
57306,2021-04-01 10:16:00,11.8,1005.9,87,29,13.8,1.3,10215.9
57313,2021-04-01 10:16:00,1.4,1013.9,86,348,6.7,0.4,10031.2
57314,2021-04-01 10:16:00,5.3,1004.9,57,231,6.4,0.9,10242.1
57328,2021-04-01 10:16:00,11.5,1006.5,22,137,13.9,0.6,10056.9
57405,2021-04-01 10:16:00,29.9,1013.3,22,173,1.0,0.3,10403.1
57411,2021-04-01 10:16:00,14.3,1009.0,83,326,5.9,0.7,10371.9
57503,2021-04-01 10:16:00,22.5,1004.1,76,187,7.0,0.0,10200.9
57604,2021-04-01 10:16:00,31.2,1026.4,24,158,11.1,0.8,10379.6
57608,2021-04-01 10:16:00,26.9,1020.2,28,342,11.2,0.8,10382.2
54525,2021-04-01 10:16:00,7.7,1012.4,2,254,5.9,0.7,10431.0
54527,2021-04-01 10:16:00,0.8,1010.2,48,258,4.8,0.3,10028.4
54623,2021-04-01 10:16:00,2.6,1015.5,89,177,2.6,0.3,10264.0
55228,2021-04-01 10:16:00,17.1,1013.5,3,350,0.4,0.9,10245.1
55248,2021-04-01 10:16:00,15.6,1001.1,32,51,4.2,1.2,10204.6
55279,2021-04-01 10:16:00,10.8,1025.7,8,143,2.0,0.6,10369.2
55294,2021-04-01 10:16:00,24.3,1024.4,40,261,3.4,1.5,10147.4
55299,2021-04-01 10:16:00,10.0,1019.0,30,71,9.7,0.3,10276.7
55437,2021-04-01 10:16:00,14.4,1014.4,67,271,9.7,0.1,10156.7
55472,2021-04-01 10:16:00,6.8,1022.2,81,104,10.1,1.1,10441.4
55493,2021-04-01 10:16:00,17.5,1002.1,41,264,2.5,1.5,10080.2
55569,2021-04-01 10:16:00,8.5,1007.0,40,113,10.2,0.8,10394.1
55578,2021-04-01 10:16:00,4.7,1011.6,18,54,6.7,1.5,10109.1
55585,2021-04-01 10:16:00,2.0,1018.2,92,77,11.9,0.4,10323.2
55591,2021-04-01 10:16:00,32.9,1006.8,69,244,0.9,0.4,10377.3
55598,2021-04-01 10:16:00,21.0,1001.2,78,349,0.4,0.4,10475.0
55655,2021-04-01 10:16:00,3.5,1007.4,51,89,8.7,1.1,10422.4
55664,2021-04-01 10:16:00,33.7,1013.7,93,130,4.4,0.3,10288.0
55680,2021-04-01 10:16:00,3.2,1007.7,29,307,12.1,0.8,10270.3
55681,2021-04-01 10:16:00,11.8,1017.5,24,29,10.2,0.4,10369.3
55690,2021-04-01 10:16:00,12.8,1025.3,45,334,5.4,0.6,10313.3
55696,2021-04-01 10:16:00,32.7,1001.1,91,25,2.3,0.2,10199.7
55773,2021-04-01 10:16:00,4.4,1018.5,95,4,2.5,0.6,10225.3
56106,2021-04-01 10:16:00,13.1,1018.2,8,148,13.3,0.2,10304.6
56116,2021-04-01 10:16:00,4.1,1015.0,69,214,10.5,1.3,10420.0
56137,2021-04-01 10:16:00,15.1,1021.9,36,143,2.5,0.9,10031.9
56202,2021-04-01 10:16:00,14.7,1017.9,17,99,7.7,1.5,10453.1
56223,2021-04-01 10:16:00,7.5,1005.7,28,98,6.0,1.4,10469.0
56227,2021-04-01 10:16:00,17.6,1023.3,29,314,0.5,1.3,10343.6
56312,2021-04-01 10:16:00,27.0,1022.2,42,331,7.1,0.9,10199.3
56331,2021-04-01 10:16:00,22.6,1025.6,76,317,6.6,0.8,10024.6
56434,2021-04-01 10:16:00,21.2,1022.7,73,357,14.6,1.5,10318.0
51053,2021-04-01 10:16:00,9.6,1016.2,26,263,5.8,1.4,10148.1
51059,2021-04-01 10:16:00,4.5,1025.3,20,324,1.5,0.0,10350.3
51060,2021-04-01 10:16:00,5.6,1006.3,75,325,10.0,0.5,10457.3
51068,2021-04-01 10:16:00,18.2,1013.2,53,241,10.6,1.2,10183.8
51076,2021-04-01 10:16:00,24.4,1000.1,58,241,6.5,0.2,10177.5
51087,2021-04-01 10:16:00,11.1,1013.8,8,157,14.1,1.4,10205.4
51133,2021-04-01 10:16:00,12.9,1010.2,14,355,8.6,0.3,10112.4
51156,2021-04-01 10:16:00,20.4,1026.0,64,134,9.0,1.5,10303.7
51186,2021-04-01 10:16:00,32.8,1020.2,78,291,1.8,0.2,10378.2
51232,2021-04-01 10:16:00,3.2,1010.3,83,169,0.7,0.9,10317.4
51238,2021-04-01 10:16:00,24.5,1003.9,64,177,11.1,0.0,10313.0
51241,2021-04-01 10:16:00,30.6,1002.5,33,337,5.8,0.0,10232.3
51243,2021-04-01 10:16:00,19.0,1000.0,11,284,0.7,0.3,10381.0
51288,2021-04-01 10:16:00,29.0,1004.0,62,341,14.6,0.3,10302.2
51330,2021-04-01 10:16:00,5.2,1020.4,21,135,0.5,0.3,10493.5
51334,2021-04-01 10:16:00,6.3,1010.5,17,118,7.7,0.1,10252.2
51346,2021-04-01 10:16:00,9.9,1008.9,100,253,6.6,1.3,10039.5
51358,2021-04-01 10:16:00,19.7,1008.3,27,271,13.0,1.5,10075.7
51365,2021-04-01 10:16:00,8.7,1010.9,87,31,11.8,0.6,10409.7
51367,2021-04-01 10:16:00,23.8,1002.7,52,193,0.2,0.4,10364.8
51379,2021-04-01 10:16:00,3.8,1012.4,20,57,2.0,1.4,10142.0
51431,2021-04-01 10:16:00,11.3,1014.1,33,130,8.4,1.0,10363.1
51433,2021-04-01 10:16:00,16.7,1001.4,79,11,13.3,0.9,10383.0
51437,2021-04-01 10:16:00,12.3,1014.8,63,298,1.5,0.1,10392.2
51463,2021-04-01 10:16:00,21.6,1008.3,88,21,10.2,1.0,10436.6
51467,2021-04-01 10:16:00,27.3,1014.6,73,351,11.0,0.5,10456.8
51469,2021-04-01 10:16:00,17.6,1020.5,88,251,6.5,0.2,10333.6
51470,2021-04-01 10:16:00,22.9,1018.0,31,254,5.8,1.2,10188.8
51477,2021-04-01 10:16:00,24.3,1010.2,9,187,4.1,0.0,10286.3
51495,2021-04-01 10:16:00,12.0,1000.6,71,70,8.3,0.3,10307.9
51526,2021-04-01 10:16:00,9.8,1001.8,55,319,6.3,1.0,10431.2
51542,2021-04-01 10:16:00,26.4,1017.2,59,341,9.7,1.2,10438.7
51567,2021-04-01 10:16:00,3.0,1012.7,72,93,13.9,0.8,10324.0
51573,2021-04-01 10:16:00,3.4,1024.0,34,38,13.6,0.8,10231.4
51581,2021-04-01 10:16:00,14.8,1006.7,34,156,14.5,0.7,10370.4
51628,2021-04-01 10:16:00,0.2,1014.8,60,51,4.5,0.1,10011.4
51633,2021-04-01 10:16:00,34.4,1018.2,12,222,13.9,1.4,10200.2
51639,2021-04-01 10:16:00,8.7,1015.4,73,203,14.4,0.6,10034.7
51642,2021-04-01 10:16:00,10.5,1024.5,94,334,10.9,0.6,10239.3
51644,2021-04-01 10:16:00,23.4,1004.2,28,326,5.1,0.6,10442.5
51655,2021-04-01 10:16:00,10.9,1024.2,86,65,11.4,0.4,10114.3
51656,2021-04-01 10:16:00,27.4,1017.6,87,163,4.7,1.5,10067.9
51701,2021-04-01 10:16:00,31.5,1000.7,44,105,7.9,1.2,10266.9
51704,2021-04-01 10:16:00,27.2,1008.6,3,344,8.4,0.9,10248.9
51705,2021-04-01 10:16:00,9.3,1005.4,25,155,12.8,0.1,10429.1
51709,2021-04-01 10:16:00,30.8,1001.1,80,67,8.9,0.6,10036.7
51711,2021-04-01 10:16:00,29.8,1006.9,82,170,9.8,1.3,10349.2
51716,2021-04-01 10:16:00,10.5,1010.3,40,177,3.2,0.5,10484.4
51720,2021-04-01 10:16:00,29.6,1012.3,76,243,14.4,1.5,10474.8
51730,2021-04-01 10:16:00,9.0,1010.9,72,207,6.7,0.6,10073.8
51747,2021-04-01 10:16:00,27.3,1002.5,51,202,14.9,0.7,10217.3
51765,2021-04-01 10:16:00,16.7,1007.3,33,56,12.4,0.3,10120.2
51777,2021-04-01 10:16:00,11.4,1018.8,7,174,8.8,0.2,10399.9
51804,2021-04-01 10:16:00,26.0,1004.3,16,339,4.2,1.0,10220.9
51810,2021-04-01 10:16:00,21.5,1002.9,95,137,5.9,0.8,10497.3
51811,2021-04-01 10:16:00,3.3,1004.2,38,290,8.8,0.9,10137.1
51818,2021-04-01 10:16:00,9.9,1021.1,85,60,5.6,0.7,10342.0
51828,2021-04-01 10:16:00,26.7,1004.0,24,68,10.8,1.0,10398.2
51839,2021-04-01 10:16:00,21.8,1000.2,68,334,6.6,0.9,10295.4
51855,2021-04-01 10:16:00,0.6,1004.4,49,138,3.8,0.5,10081.4
51931,2021-04-01 10:16:00,10.8,1021.6,41,270,14.9,0.4,10244.3
52101,2021-04-01 10:16:00,7.9,1014.2,9,191,14.4,0.7,10076.2
52112,2021-04-01 10:16:00,15.2,1023.2,73,28,14.9,1.5,10216.9
52118,2021-04-01 10:16:00,5.1,1015.4,59,136,11.5,1.4,10412.4
52203,2021-04-01 10:16:00,18.9,1007.3,89,190,0.2,0.0,10091.1
52313,2021-04-01 10:16:00,9.4,1006.1,36,199,12.6,1.1,10125.2
56444,2021-04-01 10:16:00,25.9,1021.4,47,267,10.1,0.6,10186.2
56533,2021-04-01 10:16:00,7.1,1011.1,63,201,1.7,0.4,10179.5
56543,2021-04-01 10:16:00,14.4,1010.1,5,136,12.6,1.2,10011.1
56548,2021-04-01 10:16:00,12.8,1003.9,91,302,8.1,0.9,10345.6
56586,2021-04-01 10:16:00,12.1,1002.3,56,101,10.2,0.6,10238.2
56643,2021-04-01 10:16:00,1.5,1010.2,97,257,13.6,1.0,10439.4
56651,2021-04-01 10:16:00,10.2,1023.8,96,166,6.4,0.8,10369.6
56664,2021-04-01 10:16:00,22.6,1023.4,93,49,6.9,0.6,10372.9
56684,2021-04-01 10:16:00,20.5,1010.2,45,11,8.7,1.5,10038.2
56739,2021-04-01 10:16:00,24.1,1018.8,54,346,7.6,1.0,10291.4
56748,2021-04-01 10:16:00,29.9,1008.7,86,147,14.5,0.0,10137.6
56751,2021-04-01 10:16:00,16.7,1023.4,80,70,2.9,0.3,10051.3
56763,2021-04-01 10:16:00,24.6,1004.3,75,224,2.2,0.2,10418.0
56768,2021-04-01 10:16:00,32.2,1003.4,60,12,7.3,1.3,10228.7
56778,2021-04-01 10:16:00,24.6,1018.5,6,165,2.7,1.4,10363.1
56786,2021-04-01 10:16:00,9.5,1020.2,91,44,5.7,0.9,10204.9
56838,2021-04-01 10:16:00,16.2,1003.2,58,10,10.7,0.7,10141.6
56856,2021-04-01 10:16:00,11.4,1003.1,10,200,2.1,0.0,10402.5
56872,2021-04-01 10:16:00,31.7,1023.3,91,219,9.8,1.1,10156.4
56875,2021-04-01 10:16:00,25.3,1014.7,1,103,5.9,0.2,10309.3
56886,2021-04-01 10:16:00,10.2,1002.4,75,66,11.1,0.7,10061.7
56946,2021-04-01 10:16:00,2.6,1004.3,43,129,6.6,1.1,10384.8
56950,2021-04-01 10:16:00,4.3,1019.7,82,45,5.7,1.5,10008.5
56951,2021-04-01 10:16:00,24.7,1017.0,53,86,10.7,0.1,10380.4
56954,2021-04-01 10:16:00,24.5,1019.0,29,49,0.9,0.6,10077.3
56959,2021-04-01 10:16:00,12.7,1021.9,97,232,14.9,0.6,10449.8
56964,2021-04-01 10:16:00,24.6,1019.2,31,137,1.6,0.7,10233.0
56966,2021-04-01 10:16:00,20.8,1008.6,80,93,10.6,0.7,10046.7
56969,2021-04-01 10:16:00,13.6,1018.1,61,94,13.4,0.1,10494.0
56977,2021-04-01 10:16:00,23.7,1024.8,71,68,2.9,0.2,10428.8
56985,2021-04-01 10:16:00,10.6,1022.2,55,56,0.1,0.0,10147.1
56986,2021-04-01 10:16:00,19.1,1003.0,48,352,8.6,1.4,10155.6
56991,2021-04-01 10:16:00,1.4,1020.2,98,330,0.0,1.0,10159.8
59007,2021-04-01 10:16:00,33.5,1010.6,72,22,9.4,1.0,10143.5
58448,2021-04-01 10:16:00,2.8,1019.9,15,114,12.1,1.2,10177.9
58450,2021-04-01 10:16:00,31.8,1022.4,56,273,10.9,0.3,10461.7
58457,2021-04-01 10:16:00,3.7,1011.5,65,274,14.9,0.9,10353.1
58464,2021-04-01 10:16:00,6.3,1016.3,54,216,12.4,1.3,10381.5
58467,2021-04-01 10:16:00,21.7,1004.3,73,65,3.7,0.7,10187.7
58472,2021-04-01 10:16:00,15.1,1019.9,3,145,11.8,0.9,10275.6
58477,2021-04-01 10:16:00,33.8,1006.6,18,257,5.2,1.3,10143.4
58543,2021-04-01 10:16:00,29.5,1003.8,29,275,12.4,0.6,10363.4
58549,2021-04-01 10:16:00,27.6,1012.8,15,241,8.6,0.3,10067.3
58553,2021-04-01 10:16:00,25.6,1023.6,71,326,13.5,1.2,10170.3
58556,2021-04-01 10:16:00,30.5,1001.8,56,83,0.2,0.0,10471.1
58557,2021-04-01 10:16:00,6.1,1020.2,33,149,0.7,0.8,10473.6
58562,2021-04-01 10:16:00,7.7,1019.3,10,334,6.1,1.5,10367.2
58569,2021-04-01 10:16:00,0.9,1019.7,27,345,8.8,0.8,10306.5
58633,2021-04-01 10:16:00,29.6,1004.5,88,88,0.3,0.2,10037.5
58646,2021-04-01 10:16:00,0.6,1022.6,25,283,12.5,0.0,10104.2
58652,2021-04-01 10:16:00,28.6,1009.0,39,136,6.9,1.5,10136.7
58665,2021-04-01 10:16:00,16.6,1003.9,59,300,13.7,0.8,10382.6
58666,2021-04-01 10:16:00,30.7,1002.2,69,351,5.4,1.2,10365.9
58667,2021-04-01 10:16:00,0.7,1015.5,44,257,11.7,0.3,10299.4
58742,2021-04-01 10:16:00,7.1,1025.5,54,67,9.7,0.7,10065.7
58752,2021-04-01 10:16:00,19.4,1002.9,47,19,1.9,0.0,10212.0
58760,2021-04-01 10:16:00,22.9,1002.7,89,275,12.6,0.8,10064.0
57348,2021-04-01 10:16:00,12.0,1003.6,71,290,1.7,0.5,10278.3
57426,2021-04-01 10:16:00,21.9,1012.9,40,308,11.1,1.3,10293.6
57432,2021-04-01 10:16:00,22.1,1022.8,53,217,8.5,0.6,10218.4
57502,2021-04-01 10:16:00,11.0,1025.2,12,94,0.1,1.5,10117.4
57512,2021-04-01 10:16:00,0.6,1002.2,41,52,7.8,1.5,10286.3
57516,2021-04-01 10:16:00,23.4,1003.3,14,235,11.3,0.9,10053.3
57517,2021-04-01 10:16:00,22.7,1012.3,25,95,8.8,1.2,10464.6
57520,2021-04-01 10:16:00,24.8,1021.8,46,149,13.5,0.1,10040.3
57523,2021-04-01 10:16:00,1.2,1012.0,98,9,2.2,0.9,10107.0
57536,2021-04-01 10:16:00,0.0,1024.0,89,180,12.9,0.5,10484.5
57612,2021-04-01 10:16:00,12.3,1025.1,5,330,5.6,0.0,10312.9
57633,2021-04-01 10:16:00,19.0,1017.6,72,220,13.4,0.8,10075.2
