58015,2021-04-01 10:16:00,31.8,1016.2,14,313,14.3,0.3,10046.7
58102,2021-04-01 10:16:00,2.4,1005.6,50,244,6.2,1.3,10116.4
58118,2021-04-01 10:16:00,34.8,1025.6,87,54,9.8,1.1,10207.0
58122,2021-04-01 10:16:00,6.2,1017.6,60,51,3.4,1.1,10300.4
58203,2021-04-01 10:16:00,30.7,1017.0,84,335,11.7,0.8,10127.5
58215,2021-04-01 10:16:00,24.1,1024.2,82,85,9.3,1.0,10475.2
58221,2021-04-01 10:16:00,8.1,1017.9,1,33,11.2,1.0,10300.8
58225,2021-04-01 10:16:00,25.0,1008.9,28,148,10.7,1.4,10302.2
58236,2021-04-01 10:16:00,18.7,1008.2,82,98,1.9,1.2,10008.8
58311,2021-04-01 10:16:00,30.2,1004.5,15,111,1.7,0.7,10428.1
58314,2021-04-01 10:16:00,2.9,1021.5,11,9,8.4,0.3,10054.5
58319,2021-04-01 10:16:00,24.5,1013.4,96,232,1.5,0.6,10117.8
58321,2021-04-01 10:16:00,20.4,1004.2,92,137,8.6,0.1,10355.9
58326,2021-04-01 10:16:00,18.1,1016.6,81,286,0.6,1.4,10271.9
58336,2021-04-01 10:16:00,1.2,1001.7,99,147,7.2,0.9,10213.7
58338,2021-04-01 10:16:00,33.1,1004.2,13,88,2.1,1.1,10299.0
58414,2021-04-01 10:16:00,28.4,1016.6,93,234,14.5,1.5,10050.3
58419,2021-04-01 10:16:00,9.8,1001.8,59,351,0.0,0.2,10207.5
58424,2021-04-01 10:16:00,32.5,1019.5,40,156,2.9,1.3,10029.8
58429,2021-04-01 10:16:00,32.7,1015.1,85,233,1.8,0.4,10496.5
58436,2021-04-01 10:16:00,13.7,1019.0,42,241,3.8,0.5,10037.4
58437,2021-04-01 10:16:00,28.7,1010.3,31,250,2.7,1.2,10039.2
58520,2021-04-01 10:16:00,4.9,1009.3,4,219,1.5,1.0,10237.6
58531,2021-04-01 10:16:00,25.7,1005.6,4,69,12.8,0.3,10089.6
54406,2021-04-01 10:16:00,24.5,1000.1,84,148,9.1,0.0,10170.7
54416,2021-04-01 10:16:00,11.9,1003.1,21,118,13.0,1.4,10055.2
54511,2021-04-01 10:16:00,12.2,1019.3,54,250,1.7,0.8,10074.8
58725,2021-04-01 10:16:00,18.3,1000.2,58,279,13.4,1.2,10225.3
58730,2021-04-01 10:16:00,6.4,1016.4,44,280,13.5,1.0,10008.8
58731,2021-04-01 10:16:00,8.1,1015.5,75,191,11.6,1.1,10070.3
58734,2021-04-01 10:16:00,34.5,1019.5,22,177,3.6,1.4,10031.6
58737,2021-04-01 10:16:00,31.5,1019.0,30,309,13.7,1.4,10160.0
58744,2021-04-01 10:16:00,12.8,1013.3,2,75,14.7,0.4,10186.3
58754,2021-04-01 10:16:00,16.1,1001.2,2,224,2.7,0.3,10406.4
58818,2021-04-01 10:16:00,6.0,1011.7,9,52,6.8,0.9,10269.9
58820,2021-04-01 10:16:00,31.4,1008.7,50,89,14.2,1.0,10013.8
58834,2021-04-01 10:16:00,30.8,1015.9,72,355,11.4,1.2,10265.2
58837,2021-04-01 10:16:00,15.5,1018.1,44,109,3.8,0.4,10466.5
58843,2021-04-01 10:16:00,31.5,1025.9,41,202,4.4,0.0,10476.6
58846,2021-04-01 10:16:00,26.2,1020.1,57,178,3.8,1.4,10391.0
58847,2021-04-01 10:16:00,2.6,1016.6,30,55,0.3,0.4,10060.9
58911,2021-04-01 10:16:00,33.6,1010.7,18,311,9.0,0.4,10397.5
58918,2021-04-01 10:16:00,3.3,1013.9,46,247,2.6,1.3,10277.8
58921,2021-04-01 10:16:00,33.4,1004.2,68,324,1.8,0.4,10478.6
58926,2021-04-01 10:16:00,4.9,1016.7,82,102,7.0,0.2,10110.3
58927,2021-04-01 10:16:00,12.1,1004.8,32,71,8.5,0.9,10251.0
58931,2021-04-01 10:16:00,2.4,1001.4,8,327,1.6,0.4,10309.8
58933,2021-04-01 10:16:00,16.6,1012.2,68,284,3.1,0.6,10126.8
58936,2021-04-01 10:16:00,20.4,1014.0,3,181,14.4,1.5,10083.0
58944,2021-04-01 10:16:00,13.7,1014.5,65,258,1.0,1.5,10486.3
59113,2021-04-01 10:16:00,32.1,1013.1,9,264,5.8,1.1,10296.2
59126,2021-04-01 10:16:00,4.4,1016.9,42,138,11.3,0.4,10191.1
59133,2021-04-01 10:16:00,16.1,1012.4,35,239,5.5,1.2,10190.5
59134,2021-04-01 10:16:00,5.3,1006.8,16,136,11.8,0.7,10026.0
59321,2021-04-01 10:16:00,3.1,1012.3,89,269,12.5,1.2,10338.6
52323,2021-04-01 10:16:00,3.9,1004.6,89,9,13.3,0.9,10068.5
52418,2021-04-01 10:16:00,19.6,1019.4,14,105,8.5,1.5,10119.1
52424,2021-04-01 10:16:00,28.8,1023.7,9,54,1.0,1.1,10348.4
52436,2021-04-01 10:16:00,30.6,1024.6,18,31,3.5,1.4,10372.3
52446,2021-04-01 10:16:00,17.5,1017.7,46,5,11.6,0.5,10001.1
52447,2021-04-01 10:16:00,7.6,1010.1,34,81,0.5,0.2,10284.0
52533,2021-04-01 10:16:00,5.3,1003.7,96,215,13.4,0.0,10214.7
52546,2021-04-01 10:16:00,22.0,1000.9,41,76,8.6,0.5,10255.0
52652,2021-04-01 10:16:00,34.9,1006.0,81,63,1.8,0.2,10407.7
52661,2021-04-01 10:16:00,18.6,1021.6,35,89,2.8,1.1,10276.5
52674,2021-04-01 10:16:00,19.0,1024.9,90,108,1.6,0.1,10411.9
52679,2021-04-01 10:16:00,28.9,1004.9,94,68,11.8,0.5,10192.9
52681,2021-04-01 10:16:00,10.6,1002.0,65,129,1.0,0.5,10276.7
52787,2021-04-01 10:16:00,21.7,1013.3,45,356,3.4,0.6,10247.9
52797,2021-04-01 10:16:00,3.6,1000.4,97,110,2.0,0.5,10494.7
52884,2021-04-01 10:16:00,33.9,1006.7,47,230,11.1,0.0,10446.0
52895,2021-04-01 10:16:00,7.5,1026.2,68,350,12.2,1.5,10261.3
52983,2021-04-01 10:16:00,10.0,1011.8,85,243,5.1,1.3,10161.1
52984,2021-04-01 10:16:00,3.6,1025.6,38,342,11.3,1.3,10406.5
52986,2021-04-01 10:16:00,23.2,1002.6,36,192,14.3,1.3,10114.9
52996,2021-04-01 10:16:00,27.7,1026.3,6,341,10.1,1.2,10018.4
53821,2021-04-01 10:16:00,33.8,1002.5,4,130,3.6,0.4,10197.9
53915,2021-04-01 10:16:00,10.3,1019.1,7,157,3.2,0.3,10293.1
53923,2021-04-01 10:16:00,21.5,1018.4,37,61,5.0,0.7,10374.5
56074,2021-04-01 10:16:00,12.5,1020.0,20,94,13.0,1.2,10005.5
56080,2021-04-01 10:16:00,11.1,1013.6,32,169,5.4,1.0,10481.7
56093,2021-04-01 10:16:00,17.4,1017.6,94,79,14.7,1.5,10382.0
56096,2021-04-01 10:16:00,7.6,1021.0,42,309,2.4,0.1,10427.1
57014,2021-04-01 10:16:00,25.8,1004.6,68,93,5.8,1.1,10446.7
57996,2021-04-01 10:16:00,10.4,1021.6,28,142,11.0,1.4,10407.0
59072,2021-04-01 10:16:00,9.3,1012.5,51,96,2.3,0.4,10460.4
59082,2021-04-01 10:16:00,15.6,1023.7,49,275,14.4,0.5,10337.8
59087,2021-04-01 10:16:00,3.4,1009.4,52,218,2.2,1.0,10161.4
59088,2021-04-01 10:16:00,7.4,1011.5,5,358,11.9,0.3,10030.3
59096,2021-04-01 10:16:00,6.5,1011.7,24,257,8.9,1.4,10182.7
59097,2021-04-01 10:16:00,21.4,1023.9,45,305,2.3,1.3,10198.4
59107,2021-04-01 10:16:00,4.3,1021.4,30,230,10.3,0.0,10092.4
59116,2021-04-01 10:16:00,6.2,1016.8,66,55,5.6,1.3,10216.1
59117,2021-04-01 10:16:00,19.1,1022.2,19,58,4.4,1.4,10435.1
59271,2021-04-01 10:16:00,31.0,1011.7,65,336,9.6,0.4,10187.5
59278,2021-04-01 10:16:00,8.6,1001.8,75,39,3.8,1.1,10457.0
59280,2021-04-01 10:16:00,0.9,1006.5,24,79,3.5,0.0,10348.0
59287,2021-04-01 10:16:00,31.7,1008.9,53,130,6.1,1.5,10366.3
59289,2021-04-01 10:16:00,30.4,1017.4,40,261,14.1,1.1,10269.2
59293,2021-04-01 10:16:00,30.9,1014.9,24,258,11.9,0.5,10400.1
59294,2021-04-01 10:16:00,21.4,1015.9,33,51,9.1,1.5,10026.9
59298,2021-04-01 10:16:00,6.0,1016.2,49,270,10.6,1.3,10276.5
59303,2021-04-01 10:16:00,1.8,1009.1,26,257,4.7,1.2,10130.5
59304,2021-04-01 10:16:00,33.2,1010.0,61,65,3.6,1.1,10355.5
59306,2021-04-01 10:16:00,20.0,1008.4,86,215,13.8,1.3,10486.2
59310,2021-04-01 10:16:00,24.5,1025.3,89,108,12.5,0.4,10187.3
59316,2021-04-01 10:16:00,20.2,1009.6,75,345,1.9,1.5,10374.0
59317,2021-04-01 10:16:00,9.6,1012.6,54,104,3.8,0.6,10382.4
59324,2021-04-01 10:16:00,2.3,1002.4,18,349,3.4,0.2,10280.3
59456,2021-04-01 10:16:00,17.6,1017.9,63,206,5.2,0.2,10134.7
59462,2021-04-01 10:16:00,29.0,1004.1,49,303,13.4,0.6,10441.4
59478,2021-04-01 10:16:00,15.1,1006.9,4,220,14.0,1.2,10389.3
59485,2021-04-01 10:16:00,10.6,1017.5,59,154,7.0,1.1,10026.7
59488,2021-04-01 10:16:00,32.7,1014.5,33,312,5.4,0.2,10242.9
59493,2021-04-01 10:16:00,25.9,1017.4,57,306,9.2,1.2,10125.0
59501,2021-04-01 10:16:00,0.1,1002.9,23,170,5.3,1.3,10178.1
59658,2021-04-01 10:16:00,5.6,1023.9,81,25,0.6,0.2,10126.2
59663,2021-04-01 10:16:00,23.9,1010.3,15,134,9.8,0.6,10221.7
59664,2021-04-01 10:16:00,6.2,1016.5,58,220,14.4,0.6,10024.3
59673,2021-04-01 10:16:00,20.4,1010.7,54,214,5.1,1.1,10132.5
59754,2021-04-01 10:16:00,20.1,1016.0,1,41,14.1,1.2,10461.7
57947,2021-04-01 10:16:00,17.7,1005.9,58,336,14.2,0.8,10259.5
57957,2021-04-01 10:16:00,9.3,1011.7,82,234,11.7,1.1,10433.5
57958,2021-04-01 10:16:00,7.0,1004.7,7,31,7.9,0.7,10498.6
59021,2021-04-01 10:16:00,23.4,1018.3,16,39,9.3,0.7,10274.5
59023,2021-04-01 10:16:00,1.0,1021.6,20,134,2.5,0.9,10119.7
59027,2021-04-01 10:16:00,32.7,1010.6,77,310,12.3,1.0,10215.7
59037,2021-04-01 10:16:00,0.2,1023.9,65,36,10.8,1.4,10426.8
59046,2021-04-01 10:16:00,4.1,1011.3,27,122,12.1,0.1,10363.7
59058,2021-04-01 10:16:00,10.5,1017.3,8,313,5.9,0.6,10389.5
59065,2021-04-01 10:16:00,27.4,1006.0,2,34,0.6,0.2,10285.7
59209,2021-04-01 10:16:00,3.5,1021.3,75,55,8.9,1.0,10190.6
59211,2021-04-01 10:16:00,18.3,1009.0,92,8,4.3,0.9,10327.6
59218,2021-04-01 10:16:00,24.6,1020.5,78,63,11.8,0.8,10410.3
59228,2021-04-01 10:16:00,24.1,1022.2,29,66,6.8,0.6,10026.6
59242,2021-04-01 10:16:00,32.4,1014.0,90,278,0.0,1.5,10255.0
59254,2021-04-01 10:16:00,8.9,1006.3,18,308,1.5,0.8,10086.6
59265,2021-04-01 10:16:00,11.5,1012.1,92,155,8.6,1.2,10248.1
59417,2021-04-01 10:16:00,24.8,1018.6,48,28,1.9,1.2,10049.4
59431,2021-04-01 10:16:00,4.2,1009.8,80,175,7.0,0.0,10388.9
59446,2021-04-01 10:16:00,10.9,1013.6,60,331,9.1,1.2,10357.1
59453,2021-04-01 10:16:00,1.7,1005.0,80,337,11.3,1.1,10448.3
59626,2021-04-01 10:16:00,32.3,1018.1,56,58,5.0,1.0,10350.8
59631,2021-04-01 10:16:00,25.5,1024.7,6,88,9.0,0.0,10237.5
59632,2021-04-01 10:16:00,27.5,1002.7,50,184,9.5,0.1,10245.9
59644,2021-04-01 10:16:00,24.6,1024.0,47,173,12.2,1.4,10063.4
59647,2021-04-01 10:16:00,6.1,1009.9,56,277,14.2,0.2,10292.2
56691,2021-04-01 10:16:00,15.3,1009.7,47,163,9.9,0.4,10190.4
56693,2021-04-01 10:16:00,22.1,1004.3,48,334,9.7,0.8,10223.8
56792,2021-04-01 10:16:00,19.2,1001.0,87,41,4.3,0.5,10472.6
56793,2021-04-01 10:16:00,24.7,1000.6,38,3,1.2,0.1,10419.0
57606,2021-04-01 10:16:00,28.0,1024.9,92,9,12.6,1.4,10280.0
57614,2021-04-01 10:16:00,2.5,1019.2,37,48,3.2,1.1,10461.3
57625,2021-04-01 10:16:00,12.8,1019.9,66,66,3.7,0.0,10332.9
57647,2021-04-01 10:16:00,3.0,1022.7,35,349,4.8,1.5,10420.2
57707,2021-04-01 10:16:00,6.1,1002.8,97,168,7.8,0.0,10087.6
57710,2021-04-01 10:16:00,7.6,1013.8,83,144,7.0,1.4,10195.6
57712,2021-04-01 10:16:00,26.5,1021.8,80,186,8.4,0.4,10168.1
57718,2021-04-01 10:16:00,10.6,1013.8,21,125,13.5,0.2,10457.6
57722,2021-04-01 10:16:00,13.9,1014.5,60,317,9.8,1.2,10210.6
57729,2021-04-01 10:16:00,9.9,1015.6,36,147,2.6,1.3,10259.2
57731,2021-04-01 10:16:00,34.0,1026.0,77,272,3.8,0.3,10412.6
57741,2021-04-01 10:16:00,23.7,1024.1,57,26,0.0,0.0,10272.0
57803,2021-04-01 10:16:00,27.4,1008.0,60,63,1.5,1.4,10066.6
57805,2021-04-01 10:16:00,26.1,1026.1,39,206,12.4,0.2,10348.2
57806,2021-04-01 10:16:00,34.5,1010.3,5,170,2.9,0.8,10434.0
57816,2021-04-01 10:16:00,4.4,1015.7,47,144,8.9,0.6,10259.6
57825,2021-04-01 10:16:00,31.5,1016.5,48,148,11.5,0.6,10369.5
57827,2021-04-01 10:16:00,6.1,1026.1,77,206,5.5,1.0,10208.6
57832,2021-04-01 10:16:00,4.7,1005.0,26,22,13.4,0.9,10441.0
57839,2021-04-01 10:16:00,6.5,1019.4,88,206,10.1,0.9,10243.4
57840,2021-04-01 10:16:00,17.0,1011.0,27,143,1.8,0.5,10306.5
57902,2021-04-01 10:16:00,12.7,1010.1,68,54,0.7,0.7,10482.7
57906,2021-04-01 10:16:00,23.0,1023.2,57,204,10.4,0.5,10226.1
57907,2021-04-01 10:16:00,6.5,1006.9,63,137,7.8,0.6,10485.1
57910,2021-04-01 10:16:00,14.2,1005.5,80,294,2.1,0.1,10433.9
57912,2021-04-01 10:16:00,0.1,1015.2,75,164,11.3,0.1,10023.4
57916,2021-04-01 10:16:00,16.9,1023.6,3,175,0.5,1.4,10295.1
57922,2021-04-01 10:16:00,7.1,1013.8,10,92,11.0,0.7,10073.4
57926,2021-04-01 10:16:00,34.5,1024.8,58,352,10.9,1.2,10251.7
57932,2021-04-01 10:16:00,0.2,1014.0,10,273,12.7,1.5,10316.2
59758,2021-04-01 10:16:00,34.3,1019.5,41,45,7.1,1.4,10302.3
59838,2021-04-01 10:16:00,26.3,1009.5,84,110,10.0,0.4,10040.6
59845,2021-04-01 10:16:00,25.2,1015.0,56,301,14.1,0.5,10026.1
59849,2021-04-01 10:16:00,25.9,1020.8,25,34,9.9,0.1,10128.9
59855,2021-04-01 10:16:00,11.6,1010.5,9,271,0.1,0.0,10294.2
59948,2021-04-01 10:16:00,18.1,1024.8,41,103,10.0,0.7,10330.0
59954,2021-04-01 10:16:00,2.0,1004.9,88,343,8.6,0.6,10499.4
59981,2021-04-01 10:16:00,27.2,1003.7,90,349,11.1,1.4,10153.9
53399,2021-04-01 10:16:00,7.6,1016.1,75,30,12.2,0.3,10198.2
53593,2021-04-01 10:16:00,12.6,1008.3,54,179,2.8,0.1,10397.2
53698,2021-04-01 10:16:00,20.3,1022.5,96,51,13.9,0.6,10450.4
53798,2021-04-01 10:16:00,23.6,1006.2,11,265,8.4,0.7,10095.8
54308,2021-04-01 10:16:00,4.6,1020.2,55,329,6.9,0.1,10423.1
54311,2021-04-01 10:16:00,21.9,1006.9,18,246,9.9,0.7,10277.8
54401,2021-04-01 10:16:00,21.8,1015.6,21,248,3.7,0.3,10108.2
54405,2021-04-01 10:16:00,31.4,1006.7,86,334,7.9,1.1,10245.5
54423,2021-04-01 10:16:00,21.5,1019.2,52,253,1.6,1.3,10355.3
54429,2021-04-01 10:16:00,25.6,1010.6,79,50,0.2,1.2,10373.4
54436,2021-04-01 10:16:00,9.3,1002.4,67,140,13.5,0.6,10474.5
54449,2021-04-01 10:16:00,10.3,1015.8,81,281,5.5,1.3,10114.4
54518,2021-04-01 10:16:00,22.8,1018.8,72,282,1.2,1.4,10037.1
54534,2021-04-01 10:16:00,33.7,1026.2,94,106,2.0,1.2,10402.6
54535,2021-04-01 10:16:00,17.3,1019.5,46,327,3.9,0.7,10266.4
54539,2021-04-01 10:16:00,31.0,1013.9,100,331,10.2,0.7,10389.2
54602,2021-04-01 10:16:00,24.0,1013.9,12,268,11.4,1.1,10345.7
54606,2021-04-01 10:16:00,27.3,1023.4,70,86,14.3,0.3,10375.9
54618,2021-04-01 10:16:00,14.3,1010.7,22,269,10.7,0.2,10019.7
54624,2021-04-01 10:16:00,34.8,1009.4,28,296,12.8,0.6,10423.3
54705,2021-04-01 10:16:00,21.0,1002.5,32,214,1.1,0.3,10140.4
53898,2021-04-01 10:16:00,8.9,1011.0,46,243,14.1,0.7,10003.8
53986,2021-04-01 10:16:00,7.2,1005.0,35,141,6.9,1.5,10156.9
57051,2021-04-01 10:16:00,10.8,1004.8,11,186,10.4,1.3,10087.2
57067,2021-04-01 10:16:00,32.5,1009.0,83,236,7.5,0.5,10105.4
57071,2021-04-01 10:16:00,8.6,1019.8,7,173,14.0,0.7,10065.6
57077,2021-04-01 10:16:00,6.9,1001.8,27,139,0.0,0.4,10366.8
57083,2021-04-01 10:16:00,17.7,1005.7,15,177,14.0,0.0,10358.3
57084,2021-04-01 10:16:00,7.4,1000.6,31,318,7.8,0.4,10114.3
57089,2021-04-01 10:16:00,7.3,1006.7,58,22,13.8,1.1,10307.9
57091,2021-04-01 10:16:00,19.4,1015.7,73,342,13.5,0.6,10071.6
57156,2021-04-01 10:16:00,31.9,1021.5,6,107,2.9,1.1,10030.1
57178,2021-04-01 10:16:00,24.5,1003.0,85,247,10.8,1.4,10379.1
57181,2021-04-01 10:16:00,9.2,1008.0,45,235,6.0,0.5,10269.3
57193,2021-04-01 10:16:00,15.9,1002.7,46,198,13.6,1.0,10250.1
57285,2021-04-01 10:16:00,12.4,1001.3,27,279,3.1,0.8,10272.2
57290,2021-04-01 10:16:00,17.8,1000.5,29,154,10.3,0.8,10125.6
57297,2021-04-01 10:16:00,18.5,1018.6,100,104,11.1,1.5,10156.0
58005,2021-04-01 10:16:00,5.2,1022.1,38,83,6.5,1.0,10389.8
58111,2021-04-01 10:16:00,23.1,1015.7,48,255,2.3,0.5,10114.0
58208,2021-04-01 10:16:00,22.6,1018.4,6,8,6.7,0.1,10218.1
50136,2021-04-01 10:16:00,33.9,1008.8,5,207,12.9,0.3,10189.6
50246,2021-04-01 10:16:00,19.6,1001.8,92,96,4.6,0.0,10489.0
50247,2021-04-01 10:16:00,5.0,1010.3,46,245,1.7,0.4,10237.8
50349,2021-04-01 10:16:00,14.8,1007.5,28,356,2.9,1.2,10361.1
50353,2021-04-01 10:16:00,26.5,1025.8,68,152,11.6,1.1,10018.3
50442,2021-04-01 10:16:00,7.5,1005.3,5,19,7.8,1.1,10275.0
50468,2021-04-01 10:16:00,30.0,1025.6,100,251,9.1,0.4,10006.1
50557,2021-04-01 10:16:00,15.6,1013.9,50,179,0.9,0.0,10264.2
50564,2021-04-01 10:16:00,15.9,1014.2,13,299,8.2,1.2,10011.2
50656,2021-04-01 10:16:00,31.6,1004.7,24,67,3.8,0.3,10143.4
50658,2021-04-01 10:16:00,4.2,1017.0,47,45,5.1,0.9,10061.2
50674,2021-04-01 10:16:00,24.5,1000.5,98,32,3.1,0.6,10019.4
50739,2021-04-01 10:16:00,34.6,1009.1,52,100,4.0,1.5,10474.1
50742,2021-04-01 10:16:00,8.4,1007.9,36,335,0.9,1.4,10012.1
50745,2021-04-01 10:16:00,17.6,1016.8,63,207,11.3,1.2,10203.8
50756,2021-04-01 10:16:00,8.4,1001.4,2,102,9.6,0.6,10451.2
50758,2021-04-01 10:16:00,23.5,1016.3,71,309,2.4,1.3,10452.0
50774,2021-04-01 10:16:00,0.8,1012.0,26,90,9.2,0.4,10411.8
50778,2021-04-01 10:16:00,22.7,1008.2,41,140,1.0,0.6,10354.2
50788,2021-04-01 10:16:00,11.8,1006.8,33,353,6.7,1.4,10438.3
50844,2021-04-01 10:16:00,6.8,1021.6,75,184,13.5,0.0,10150.4
50853,2021-04-01 10:16:00,15.1,1005.9,67,96,1.1,0.7,10257.8
50854,2021-04-01 10:16:00,14.8,1017.3,37,76,7.6,0.8,10498.3
50862,2021-04-01 10:16:00,3.6,1017.1,77,216,14.4,0.4,10053.4
50873,2021-04-01 10:16:00,14.3,1000.4,70,200,8.3,1.5,10131.4
50877,2021-04-01 10:16:00,35.0,1026.4,90,339,1.0,0.3,10163.4
50888,2021-04-01 10:16:00,14.8,1013.2,79,207,10.2,1.0,10300.2
50950,2021-04-01 10:16:00,7.3,1002.5,93,279,2.6,0.8,10393.6
50953,2021-04-01 10:16:00,34.5,1007.8,49,335,7.5,0.1,10365.2
50955,2021-04-01 10:16:00,11.3,1009.2,92,38,10.3,0.4,10282.3
50963,2021-04-01 10:16:00,8.1,1020.5,70,329,8.4,1.2,10168.6
50968,2021-04-01 10:16:00,9.1,1016.6,56,117,6.1,1.5,10467.4
50973,2021-04-01 10:16:00,5.2,1013.9,24,271,9.8,1.2,10312.7
50978,2021-04-01 10:16:00,20.4,1019.1,66,225,10.6,1.2,10049.2
50983,2021-04-01 10:16:00,11.4,1016.6,25,329,2.4,1.4,10373.1
54094,2021-04-01 10:16:00,3.0,1002.6,39,227,6.4,1.3,10287.7
54096,2021-04-01 10:16:00,27.6,1007.0,54,85,1.4,0.9,10170.5
57251,2021-04-01 10:16:00,5.6,1009.1,28,179,4.4,0.9,10398.3
57256,2021-04-01 10:16:00,3.6,1025.6,40,14,14.0,1.2,10374.2
57259,2021-04-01 10:16:00,29.1,1012.4,14,256,6.0,0.3,10006.4
57265,2021-04-01 10:16:00,20.2,1023.8,90,62,14.3,0.2,10033.8
57278,2021-04-01 10:16:00,31.5,1025.1,50,74,2.2,1.2,10083.3
57279,2021-04-01 10:16:00,17.3,1011.8,91,299,2.7,0.6,10046.4
57355,2021-04-01 10:16:00,29.4,1024.3,29,7,6.2,0.9,10264.2
57358,2021-04-01 10:16:00,13.5,1018.3,88,20,14.7,0.0,10371.1
57359,2021-04-01 10:16:00,27.6,1015.3,76,132,14.4,0.0,10433.9
57363,2021-04-01 10:16:00,3.0,1016.4,94,338,3.0,0.7,10342.8
57378,2021-04-01 10:16:00,15.1,1000.7,96,238,1.7,1.5,10090.5
57381,2021-04-01 10:16:00,32.0,1015.6,29,147,11.9,0.8,10198.3
57395,2021-04-01 10:16:00,18.6,1007.3,64,301,2.1,1.0,10050.6
57399,2021-04-01 10:16:00,30.5,1022.6,45,137,2.2,1.3,10339.2
57439,2021-04-01 10:16:00,4.4,1019.0,89,213,14.4,0.7,10230.2
57445,2021-04-01 10:16:00,16.6,1016.6,9,45,3.4,0.5,10438.1
57447,2021-04-01 10:16:00,33.0,1014.9,14,112,10.7,1.2,10123.0
57458,2021-04-01 10:16:00,20.2,1019.3,51,219,13.6,1.5,10402.9
57461,2021-04-01 10:16:00,21.3,1006.6,16,15,11.3,1.5,10410.7
57476,2021-04-01 10:16:00,16.9,1025.6,73,254,0.2,0.8,10072.8
57482,2021-04-01 10:16:00,9.4,1001.6,25,91,13.2,0.5,10204.3
57483,2021-04-01 10:16:00,30.3,1009.0,1,1,8.5,1.5,10175.7
57493,2021-04-01 10:16:00,23.0,1004.5,61,102,3.8,1.5,10419.1
57494,2021-04-01 10:16:00,20.3,1020.7,78,64,12.3,0.9,10218.1
57545,2021-04-01 10:16:00,14.7,1014.4,10,25,0.5,0.6,10377.2
57573,2021-04-01 10:16:00,29.8,1009.3,25,250,13.9,0.1,10073.2
57581,2021-04-01 10:16:00,0.0,1013.0,76,348,8.2,0.7,10067.6
57583,2021-04-01 10:16:00,17.7,1001.9,32,324,4.8,0.8,10169.6
57595,2021-04-01 10:16:00,12.1,1000.0,27,221,9.6,0.4,10097.0
58402,2021-04-01 10:16:00,12.0,1023.7,29,13,9.5,0.4,10213.5
58407,2021-04-01 10:16:00,19.0,1019.9,79,263,11.1,0.9,10033.6
58500,2021-04-01 10:16:00,4.6,1010.7,46,44,0.6,0.4,10475.5
57554,2021-04-01 10:16:00,0.1,1016.8,30,309,0.0,1.5,10476.4
57562,2021-04-01 10:16:00,30.0,1009.0,2,70,11.7,0.5,10086.9
57574,2021-04-01 10:16:00,9.0,1022.2,20,341,6.3,1.3,10484.9
57584,2021-04-01 10:16:00,25.6,1012.8,28,248,4.5,1.2,10417.2
57642,2021-04-01 10:16:00,19.7,1025.7,26,241,9.1,1.0,10323.6
57649,2021-04-01 10:16:00,27.1,1018.3,25,158,0.9,0.2,10275.8
57655,2021-04-01 10:16:00,13.5,1020.5,84,61,3.9,0.2,10480.5
57662,2021-04-01 10:16:00,12.8,1014.7,60,150,10.5,1.5,10000.9
57669,2021-04-01 10:16:00,5.4,1021.5,88,276,1.8,0.8,10373.0
57671,2021-04-01 10:16:00,12.5,1014.3,60,124,3.3,0.4,10387.1
57673,2021-04-01 10:16:00,21.6,1007.2,35,251,6.7,1.4,10311.2
57679,2021-04-01 10:16:00,9.9,1006.2,60,344,2.4,0.3,10480.0
57682,2021-04-01 10:16:00,22.0,1010.7,49,302,12.7,0.7,10102.0
57687,2021-04-01 10:16:00,5.9,1019.9,9,290,6.9,1.1,10183.7
57745,2021-04-01 10:16:00,22.0,1015.8,62,317,1.5,0.0,10360.7
57749,2021-04-01 10:16:00,20.4,1014.1,34,114,9.0,1.2,10360.9
57752,2021-04-01 10:16:00,9.4,1011.7,9,206,7.9,1.2,10216.8
57758,2021-04-01 10:16:00,31.8,1015.4,72,96,9.5,0.7,10231.9
57761,2021-04-01 10:16:00,28.2,1019.0,35,50,0.4,1.1,10186.1
57766,2021-04-01 10:16:00,18.1,1006.3,89,266,10.9,0.9,10039.2
57774,2021-04-01 10:16:00,33.8,1013.7,63,7,3.5,0.6,10325.6
57776,2021-04-01 10:16:00,29.5,1007.1,99,125,12.7,0.9,10094.2
57779,2021-04-01 10:16:00,34.2,1016.7,2,199,10.2,1.1,10083.2
57780,2021-04-01 10:16:00,23.9,1010.2,30,268,7.6,0.9,10288.0
57841,2021-04-01 10:16:00,7.8,1020.7,88,99,1.1,0.1,10056.5
57845,2021-04-01 10:16:00,3.5,1018.9,25,115,5.7,0.2,10270.0
57853,2021-04-01 10:16:00,3.7,1007.3,75,188,9.7,1.5,10017.6
57857,2021-04-01 10:16:00,35.0,1009.7,62,50,14.5,0.6,10214.6
57860,2021-04-01 10:16:00,16.1,1013.6,77,158,0.5,0.7,10268.9
57866,2021-04-01 10:16:00,31.4,1011.7,57,205,4.3,0.4,10040.7
57872,2021-04-01 10:16:00,32.5,1008.9,74,254,14.9,0.7,10448.0
57874,2021-04-01 10:16:00,20.1,1009.5,95,138,8.7,0.4,10430.5
57889,2021-04-01 10:16:00,8.0,1020.5,51,205,6.2,1.4,10395.0
57965,2021-04-01 10:16:00,7.3,1013.7,67,196,0.9,0.2,10069.0
57972,2021-04-01 10:16:00,28.6,1021.7,83,332,1.3,0.3,10189.2
57974,2021-04-01 10:16:00,23.6,1023.5,33,3,13.0,1.1,10212.2
50936,2021-04-01 10:16:00,21.8,1012.8,74,254,8.5,1.1,10032.8
50945,2021-04-01 10:16:00,27.9,1025.0,28,207,9.2,0.5,10431.6
50948,2021-04-01 10:16:00,23.9,1023.7,58,55,8.1,0.0,10334.8
50949,2021-04-01 10:16:00,10.9,1014.4,46,219,0.6,0.9,10221.2
54041,2021-04-01 10:16:00,4.1,1020.1,37,188,9.1,1.4,10084.4
54049,2021-04-01 10:16:00,3.6,1024.0,74,16,8.5,0.5,10263.9
54063,2021-04-01 10:16:00,24.7,1021.0,52,90,12.4,0.0,10470.3
54064,2021-04-01 10:16:00,34.6,1001.2,45,22,5.2,0.1,10335.3
54142,2021-04-01 10:16:00,20.3,1023.1,37,299,7.7,1.3,10233.8
54157,2021-04-01 10:16:00,19.0,1002.2,22,8,7.4,0.6,10068.7
54161,2021-04-01 10:16:00,11.5,1005.1,21,171,10.2,0.3,10496.0
54165,2021-04-01 10:16:00,28.9,1022.1,60,274,3.4,1.2,10430.1
54171,2021-04-01 10:16:00,15.6,1007.9,50,98,7.2,0.2,10076.0
54181,2021-04-01 10:16:00,23.7,1018.0,5,11,5.4,0.5,10484.4
54186,2021-04-01 10:16:00,12.5,1000.9,96,310,7.5,1.1,10415.1
54195,2021-04-01 10:16:00,32.5,1001.8,57,118,7.0,1.5,10400.4
54260,2021-04-01 10:16:00,18.3,1021.0,29,294,7.5,0.9,10265.1
54263,2021-04-01 10:16:00,6.3,1009.2,91,289,3.2,1.0,10288.7
54266,2021-04-01 10:16:00,20.1,1004.4,44,147,10.0,1.1,10499.1
54273,2021-04-01 10:16:00,9.2,1003.1,44,337,9.7,1.1,10423.2
54276,2021-04-01 10:16:00,23.7,1008.7,60,285,4.4,1.5,10027.0
54284,2021-04-01 10:16:00,5.6,1016.8,12,289,8.6,0.9,10195.5
54285,2021-04-01 10:16:00,18.2,1014.7,44,211,2.8,1.4,10424.0
54286,2021-04-01 10:16:00,25.4,1023.4,40,355,13.8,1.1,10372.0
54292,2021-04-01 10:16:00,10.9,1019.4,80,4,10.1,0.2,10098.8
54363,2021-04-01 10:16:00,31.5,1000.2,49,47,4.6,0.7,10284.4
54374,2021-04-01 10:16:00,4.6,1020.7,8,316,11.9,0.2,10247.7
54377,2021-04-01 10:16:00,17.4,1022.5,46,57,12.0,0.5,10247.6
54386,2021-04-01 10:16:00,9.4,1026.0,98,95,5.4,1.2,10026.2
58026,2021-04-01 10:16:00,31.9,1003.9,81,256,9.8,0.8,10130.0
58027,2021-04-01 10:16:00,2.2,1008.8,65,320,1.0,0.3,10414.1
58038,2021-04-01 10:16:00,22.5,1005.0,5,246,1.7,1.0,10375.9
58040,2021-04-01 10:16:00,16.5,1005.4,89,169,6.1,0.5,10428.2
58047,2021-04-01 10:16:00,28.4,1015.7,48,277,13.8,0.7,10456.9
58130,2021-04-01 10:16:00,30.6,1012.9,14,283,10.3,0.5,10034.9
58135,2021-04-01 10:16:00,24.3,1001.7,54,325,2.7,1.3,10040.7
58138,2021-04-01 10:16:00,19.2,1021.4,80,106,5.0,1.5,10457.2
58141,2021-04-01 10:16:00,32.5,1025.6,85,331,2.3,0.7,10087.9
58143,2021-04-01 10:16:00,27.7,1011.8,99,151,2.4,1.1,10181.4
58150,2021-04-01 10:16:00,28.0,1013.8,51,45,14.0,1.5,10325.0
58158,2021-04-01 10:16:00,23.4,1025.8,66,127,2.4,0.0,10157.8
58238,2021-04-01 10:16:00,12.0,1013.3,94,328,6.9,0.9,10237.3
58241,2021-04-01 10:16:00,1.6,1011.7,85,239,2.7,1.0,10222.6
58251,2021-04-01 10:16:00,26.8,1023.3,97,51,3.3,1.5,10078.6
58252,2021-04-01 10:16:00,10.4,1011.4,19,354,1.7,0.0,10156.8
58255,2021-04-01 10:16:00,28.5,1004.3,20,27,9.2,0.8,10196.7
58259,2021-04-01 10:16:00,2.4,1014.8,32,148,0.7,1.1,10230.5
58265,2021-04-01 10:16:00,20.7,1009.7,30,79,9.2,1.0,10496.9
58343,2021-04-01 10:16:00,28.7,1017.4,100,20,3.3,1.3,10053.9
58345,2021-04-01 10:16:00,26.1,1004.6,60,123,13.0,1.0,10318.1
58354,2021-04-01 10:16:00,18.6,1021.7,22,345,13.7,0.0,10129.3
58356,2021-04-01 10:16:00,2.0,1008.4,66,254,6.8,1.1,10077.2
58358,2021-04-01 10:16:00,31.3,1025.2,96,105,0.6,0.2,10384.2
57598,2021-04-01 10:16:00,34.5,1022.7,32,352,1.5,1.1,10247.3
57696,2021-04-01 10:16:00,11.8,1012.4,50,329,6.4,0.3,10496.3
57789,2021-04-01 10:16:00,34.3,1004.0,54,120,4.5,0.2,10361.5
57793,2021-04-01 10:16:00,4.4,1018.2,12,34,14.4,1.1,10150.2
57799,2021-04-01 10:16:00,19.3,1021.5,98,62,11.9,1.2,10167.1
57894,2021-04-01 10:16:00,8.1,1011.6,23,62,4.3,0.3,10229.7
57896,2021-04-01 10:16:00,27.0,1005.4,60,352,2.2,0.4,10497.7
57993,2021-04-01 10:16:00,28.3,1001.4,4,352,10.4,0.3,10197.4
58506,2021-04-01 10:16:00,4.2,1005.6,71,263,3.3,1.5,10430.3
58507,2021-04-01 10:16:00,30.3,1002.6,32,220,2.3,0.5,10005.1
58519,2021-04-01 10:16:00,18.4,1010.7,75,157,2.3,0.5,10210.9
58527,2021-04-01 10:16:00,32.1,1007.1,59,314,8.8,1.4,10002.0
58600,2021-04-01 10:16:00,3.3,1000.9,58,282,10.7,0.3,10070.4
58606,2021-04-01 10:16:00,32.0,1024.5,43,315,0.2,1.0,10420.1
58608,2021-04-01 10:16:00,20.9,1001.6,11,337,1.0,1.2,10336.9
58622,2021-04-01 10:16:00,29.2,1003.7,68,161,12.5,0.2,10123.8
58626,2021-04-01 10:16:00,18.0,1016.5,48,15,7.1,1.2,10412.1
58634,2021-04-01 10:16:00,22.0,1024.6,48,250,3.8,1.0,10231.2
58637,2021-04-01 10:16:00,22.9,1010.3,54,49,0.1,0.7,10332.9
58705,2021-04-01 10:16:00,27.6,1010.0,93,188,12.4,0.4,10484.3
58715,2021-04-01 10:16:00,9.0,1018.0,78,253,13.0,0.8,10278.6
58718,2021-04-01 10:16:00,14.1,1018.1,71,71,1.9,0.2,10476.1
58806,2021-04-01 10:16:00,23.7,1023.5,20,240,8.0,0.5,10314.8
58813,2021-04-01 10:16:00,32.4,1000.3,89,303,13.8,0.4,10216.9
59092,2021-04-01 10:16:00,19.4,1010.2,74,256,3.4,0.2,10419.0
59102,2021-04-01 10:16:00,23.0,1018.9,2,27,6.0,0.8,10026.6
54236,2021-04-01 10:16:00,2.0,1014.2,1,68,0.4,0.3,10389.0
54237,2021-04-01 10:16:00,27.0,1012.4,11,97,8.3,1.0,10197.3
54243,2021-04-01 10:16:00,33.0,1026.0,5,100,2.5,0.5,10013.7
54254,2021-04-01 10:16:00,20.3,1021.9,38,74,11.3,1.0,10159.3
54259,2021-04-01 10:16:00,32.1,1021.0,93,296,5.4,1.2,10208.3
54324,2021-04-01 10:16:00,19.7,1003.5,86,224,6.0,0.7,10160.6
54326,2021-04-01 10:16:00,1.8,1012.0,76,130,7.5,0.7,10068.9
54333,2021-04-01 10:16:00,12.7,1021.3,67,212,9.7,1.1,10027.4
54334,2021-04-01 10:16:00,21.9,1012.4,32,315,0.6,0.3,10020.3
54335,2021-04-01 10:16:00,1.6,1010.4,88,231,8.5,0.0,10402.4
54337,2021-04-01 10:16:00,8.6,1024.4,83,84,1.4,1.3,10305.2
54339,2021-04-01 10:16:00,27.7,1007.5,78,294,10.5,0.7,10473.9
54342,2021-04-01 10:16:00,22.3,1022.1,45,134,4.5,1.2,10088.8
54346,2021-04-01 10:16:00,12.9,1021.6,45,262,2.1,0.4,10369.9
54349,2021-04-01 10:16:00,23.9,1006.6,7,325,12.6,0.0,10059.0
54351,2021-04-01 10:16:00,31.5,1025.7,16,124,8.9,0.4,10322.8
54353,2021-04-01 10:16:00,6.6,1012.5,38,89,9.3,0.6,10465.6
54365,2021-04-01 10:16:00,20.4,1021.8,18,9,0.9,1.4,10048.0
54452,2021-04-01 10:16:00,31.6,1015.1,43,150,5.2,1.2,10183.5
54454,2021-04-01 10:16:00,30.8,1020.1,49,55,8.5,1.2,10103.8
54455,2021-04-01 10:16:00,26.8,1004.5,43,53,10.2,0.4,10086.0
54470,2021-04-01 10:16:00,1.5,1025.9,40,235,7.4,0.0,10244.4
54471,2021-04-01 10:16:00,29.7,1005.0,82,38,1.8,1.1,10396.5
54472,2021-04-01 10:16:00,6.8,1002.8,9,113,1.1,1.2,10442.5
54476,2021-04-01 10:16:00,32.7,1007.2,41,134,13.5,0.2,10329.6
54486,2021-04-01 10:16:00,18.0,1017.4,72,185,2.8,1.0,10123.9
54493,2021-04-01 10:16:00,19.9,1006.5,98,290,4.3,1.4,10041.8
54497,2021-04-01 10:16:00,11.2,1010.3,69,304,7.6,0.4,10473.5
54563,2021-04-01 10:16:00,34.0,1022.3,19,55,10.7,1.4,10244.9
54579,2021-04-01 10:16:00,13.1,1014.8,11,112,0.9,0.5,10456.7
54584,2021-04-01 10:16:00,11.7,1019.5,42,244,11.7,1.5,10052.8
54660,2021-04-01 10:16:00,14.5,1001.9,95,4,12.5,1.1,10075.5
54662,2021-04-01 10:16:00,31.9,1007.6,99,3,7.6,0.1,10333.2
50425,2021-04-01 10:16:00,27.7,1019.2,41,28,2.0,1.0,10336.0
50434,2021-04-01 10:16:00,10.3,1015.3,34,344,3.0,1.1,10311.7
50514,2021-04-01 10:16:00,31.3,1024.6,56,330,8.5,0.9,10223.3
50527,2021-04-01 10:16:00,13.2,1006.4,96,254,0.8,0.9,10170.3
50548,2021-04-01 10:16:00,34.2,1024.5,88,230,8.8,1.2,10184.9
50603,2021-04-01 10:16:00,12.4,1015.7,64,2,6.8,1.3,10020.9
50618,2021-04-01 10:16:00,20.6,1015.9,88,148,14.0,1.0,10148.4
50632,2021-04-01 10:16:00,29.1,1002.0,94,8,11.2,0.0,10074.6
50639,2021-04-01 10:16:00,34.2,1012.9,64,16,4.4,1.0,10250.0
50727,2021-04-01 10:16:00,18.7,1005.9,79,105,6.9,0.9,10267.3
50834,2021-04-01 10:16:00,22.1,1009.5,59,47,6.4,0.5,10444.4
50838,2021-04-01 10:16:00,20.8,1016.3,48,122,14.0,0.8,10163.4
50915,2021-04-01 10:16:00,7.5,1005.8,29,334,6.7,1.5,10154.0
50924,2021-04-01 10:16:00,27.4,1018.0,11,318,3.0,0.0,10337.6
52267,2021-04-01 10:16:00,28.5,1019.8,35,288,2.4,0.8,10362.1
52495,2021-04-01 10:16:00,27.5,1000.8,64,7,3.6,0.6,10295.3
52576,2021-04-01 10:16:00,0.6,1023.3,56,241,13.8,1.1,10151.3
53068,2021-04-01 10:16:00,25.3,1005.1,92,338,7.1,1.3,10377.4
53083,2021-04-01 10:16:00,12.5,1022.5,64,192,7.8,0.2,10076.6
53149,2021-04-01 10:16:00,9.1,1022.1,21,205,9.0,0.3,10316.2
53192,2021-04-01 10:16:00,8.1,1020.8,78,355,0.1,0.8,10210.4
53195,2021-04-01 10:16:00,19.1,1006.5,98,156,4.1,0.4,10251.4
53276,2021-04-01 10:16:00,9.7,1012.0,36,356,14.0,1.4,10297.6
53336,2021-04-01 10:16:00,26.7,1006.7,14,35,4.9,1.3,10123.4
53352,2021-04-01 10:16:00,22.9,1005.5,17,47,6.8,0.1,10451.4
53362,2021-04-01 10:16:00,18.4,1025.7,17,132,14.2,0.5,10373.9
53367,2021-04-01 10:16:00,6.7,1008.5,28,9,10.2,0.6,10467.7
53391,2021-04-01 10:16:00,12.9,1016.9,39,324,11.9,0.7,10268.2
53446,2021-04-01 10:16:00,33.9,1016.3,64,179,10.8,1.1,10368.9
53463,2021-04-01 10:16:00,34.3,1010.4,6,50,0.1,1.3,10452.5
53480,2021-04-01 10:16:00,27.0,1010.6,76,130,14.3,0.6,10405.9
53502,2021-04-01 10:16:00,5.9,1015.6,50,141,8.3,0.3,10313.9
53513,2021-04-01 10:16:00,11.6,1025.2,98,302,3.0,0.9,10180.2
53529,2021-04-01 10:16:00,30.8,1012.2,64,210,11.9,0.9,10080.1
53543,2021-04-01 10:16:00,22.0,1018.2,88,120,2.9,0.3,10456.8
53547,2021-04-01 10:16:00,11.2,1026.2,35,170,13.6,0.8,10446.9
53602,2021-04-01 10:16:00,10.3,1002.3,18,165,6.6,0.3,10366.0
54012,2021-04-01 10:16:00,8.5,1017.5,85,31,7.4,1.5,10400.9
54026,2021-04-01 10:16:00,6.2,1004.8,87,328,11.1,0.9,10238.7
54027,2021-04-01 10:16:00,10.7,1020.0,43,244,0.8,0.9,10376.2
54102,2021-04-01 10:16:00,8.5,1023.8,47,107,3.8,1.5,10071.9
54115,2021-04-01 10:16:00,10.1,1021.2,44,95,11.4,1.5,10347.4
54134,2021-04-01 10:16:00,25.8,1015.9,61,104,14.3,0.6,10143.8
54135,2021-04-01 10:16:00,6.0,1024.3,45,86,1.4,1.1,10051.3
54208,2021-04-01 10:16:00,29.3,1010.3,98,270,3.1,1.5,10337.4
54213,2021-04-01 10:16:00,20.8,1025.5,82,76,9.3,0.4,10338.2
54218,2021-04-01 10:16:00,23.1,1015.1,30,118,7.7,0.1,10437.8
54226,2021-04-01 10:16:00,10.7,1002.7,88,158,11.1,0.0,10369.2
53519,2021-04-01 10:16:00,16.2,1012.8,40,221,14.1,0.8,10282.5
53612,2021-04-01 10:16:00,25.1,1026.1,61,45,9.1,0.5,10339.2
53614,2021-04-01 10:16:00,11.6,1006.2,57,294,7.0,1.4,10344.8
53615,2021-04-01 10:16:00,33.7,1002.2,28,254,1.7,1.1,10485.3
53704,2021-04-01 10:16:00,33.5,1019.1,34,297,7.6,0.8,10240.2
53705,2021-04-01 10:16:00,20.5,1021.8,82,193,4.1,1.3,10031.7
53723,2021-04-01 10:16:00,16.5,1020.1,65,219,10.5,1.2,10088.3
53806,2021-04-01 10:16:00,29.6,1002.3,58,28,3.8,0.1,10349.5
53810,2021-04-01 10:16:00,17.5,1011.4,8,175,10.7,0.0,10225.1
53817,2021-04-01 10:16:00,26.4,1007.4,3,242,12.4,1.5,10337.2
53903,2021-04-01 10:16:00,0.0,1009.5,38,147,11.6,0.1,10117.0
53910,2021-04-01 10:16:00,33.0,1021.4,32,192,8.4,0.5,10145.3
51886,2021-04-01 10:16:00,2.1,1005.0,84,259,8.4,1.4,10344.7
52602,2021-04-01 10:16:00,15.9,1013.9,11,126,4.8,0.8,10215.9
52633,2021-04-01 10:16:00,17.0,1007.9,76,269,3.1,1.2,10105.2
52645,2021-04-01 10:16:00,30.4,1017.1,56,202,9.2,1.4,10340.3
52657,2021-04-01 10:16:00,15.8,1011.9,56,351,0.9,1.4,10257.3
52707,2021-04-01 10:16:00,2.8,1017.9,2,268,6.8,1.5,10271.7
52713,2021-04-01 10:16:00,12.3,1004.3,47,302,7.7,0.5,10294.7
52737,2021-04-01 10:16:00,10.4,1008.6,20,300,5.4,1.0,10031.5
52754,2021-04-01 10:16:00,2.3,1007.3,10,352,14.4,0.8,10016.1
52765,2021-04-01 10:16:00,1.1,1006.3,11,201,14.2,1.5,10118.2
52818,2021-04-01 10:16:00,0.7,1013.4,9,220,0.2,0.3,10169.9
52825,2021-04-01 10:16:00,27.9,1010.8,6,113,1.6,0.9,10288.5
52833,2021-04-01 10:16:00,8.5,1020.8,41,126,11.6,0.6,10335.7
52836,2021-04-01 10:16:00,25.2,1005.3,19,47,7.9,0.0,10111.0
52842,2021-04-01 10:16:00,3.6,1014.1,63,116,11.6,0.7,10494.5
52856,2021-04-01 10:16:00,25.4,1006.3,44,2,5.6,0.0,10126.2
52866,2021-04-01 10:16:00,34.9,1025.7,2,263,13.1,1.3,10022.6
52868,2021-04-01 10:16:00,23.3,1020.3,54,42,11.4,0.3,10195.3
52876,2021-04-01 10:16:00,0.8,1026.2,3,278,14.3,0.8,10180.1
52908,2021-04-01 10:16:00,28.7,1005.7,24,182,6.5,1.4,10259.4
52943,2021-04-01 10:16:00,9.3,1005.8,85,217,9.8,0.5,10389.4
52955,2021-04-01 10:16:00,4.9,1010.5,55,190,12.6,0.3,10389.0
52974,2021-04-01 10:16:00,27.0,1011.1,75,87,3.3,0.4,10197.6
56004,2021-04-01 10:16:00,22.2,1011.3,13,112,13.2,0.3,10323.1
56018,2021-04-01 10:16:00,26.8,1005.3,11,154,2.3,1.0,10438.2
56021,2021-04-01 10:16:00,26.8,1003.1,64,252,6.4,1.0,10219.5
56029,2021-04-01 10:16:00,12.7,1021.2,77,280,5.8,1.4,10350.0
56033,2021-04-01 10:16:00,15.5,1001.9,25,214,12.2,1.2,10407.9
56034,2021-04-01 10:16:00,30.6,1024.3,93,106,2.8,1.0,10407.9
56043,2021-04-01 10:16:00,11.5,1006.6,52,23,3.4,1.1,10471.3
56046,2021-04-01 10:16:00,11.3,1008.5,12,78,11.2,1.1,10058.1
56065,2021-04-01 10:16:00,24.7,1007.2,90,6,11.8,1.0,10132.8
56067,2021-04-01 10:16:00,26.7,1024.7,11,97,2.6,0.6,10326.9
56125,2021-04-01 10:16:00,21.4,1000.9,85,158,1.0,1.5,10012.3
56151,2021-04-01 10:16:00,8.0,1008.4,63,345,13.9,0.1,10396.3
54715,2021-04-01 10:16:00,11.2,1021.5,55,17,4.9,1.1,10102.0
54725,2021-04-01 10:16:00,16.8,1012.1,41,190,1.4,0.6,10281.4
54727,2021-04-01 10:16:00,0.8,1016.8,16,168,1.4,0.3,10248.8
54744,2021-04-01 10:16:00,15.9,1024.8,46,30,9.5,1.5,10454.8
54751,2021-04-01 10:16:00,8.2,1020.7,52,230,4.4,1.3,10319.1
54753,2021-04-01 10:16:00,32.4,1017.7,16,283,1.6,1.1,10419.2
54764,2021-04-01 10:16:00,1.2,1014.7,86,324,11.0,1.2,10383.5
54774,2021-04-01 10:16:00,28.6,1006.3,84,200,4.4,0.0,10285.6
54776,2021-04-01 10:16:00,16.0,1008.7,39,35,1.9,1.3,10186.8
54808,2021-04-01 10:16:00,26.5,1009.8,38,149,5.3,0.8,10049.9
54823,2021-04-01 10:16:00,13.5,1025.4,51,219,6.7,1.2,10063.4
54826,2021-04-01 10:16:00,26.8,1015.0,100,256,9.4,1.5,10203.7
54836,2021-04-01 10:16:00,27.0,1026.0,80,329,10.5,1.4,10211.3
54842,2021-04-01 10:16:00,30.8,1006.6,23,322,1.0,0.0,10336.7
54843,2021-04-01 10:16:00,5.2,1022.4,80,34,7.6,1.0,10298.4
54857,2021-04-01 10:16:00,26.3,1001.0,61,124,11.0,0.7,10211.5
54863,2021-04-01 10:16:00,21.4,1024.8,42,176,11.6,0.4,10452.2
54909,2021-04-01 10:16:00,6.2,1022.7,83,179,10.4,1.2,10244.6
54916,2021-04-01 10:16:00,21.7,1010.6,97,341,13.3,1.2,10043.3
54929,2021-04-01 10:16:00,5.6,1021.8,53,74,8.0,0.8,10170.5
54936,2021-04-01 10:16:00,24.4,1017.0,64,169,7.6,0.0,10249.9
54945,2021-04-01 10:16:00,20.4,1016.6,72,345,11.9,0.9,10249.0
58034,2021-04-01 10:16:00,15.8,1011.9,11,193,7.8,0.6,10088.9
53478,2021-04-01 10:16:00,29.6,1014.6,94,352,14.6,0.9,10182.5
53487,2021-04-01 10:16:00,1.6,1004.6,9,79,13.8,1.1,10324.8
53490,2021-04-01 10:16:00,27.4,1014.7,14,226,10.6,1.2,10197.6
53564,2021-04-01 10:16:00,16.5,1013.1,41,132,0.1,1.0,10112.9
53578,2021-04-01 10:16:00,20.9,1022.0,72,244,14.7,0.8,10076.2
53579,2021-04-01 10:16:00,1.2,1009.3,99,272,2.4,0.6,10401.1
53588,2021-04-01 10:16:00,2.7,1015.2,60,129,5.9,0.0,10120.2
53594,2021-04-01 10:16:00,14.4,1022.6,12,172,0.2,0.7,10459.1
53663,2021-04-01 10:16:00,23.8,1017.5,42,186,6.5,0.0,10317.3
53664,2021-04-01 10:16:00,2.1,1005.5,3,160,9.5,0.0,10230.2
53673,2021-04-01 10:16:00,16.4,1009.4,76,334,9.1,1.4,10464.8
53687,2021-04-01 10:16:00,31.6,1003.0,51,180,12.3,0.1,10056.5
53764,2021-04-01 10:16:00,19.2,1018.1,10,203,2.1,1.4,10264.7
53772,2021-04-01 10:16:00,2.5,1004.2,5,343,9.9,1.5,10350.4
53775,2021-04-01 10:16:00,21.0,1002.2,100,156,11.6,1.4,10367.9
53787,2021-04-01 10:16:00,21.7,1017.4,66,102,12.7,0.4,10212.4
53853,2021-04-01 10:16:00,3.4,1015.4,47,188,4.8,1.1,10165.5
53859,2021-04-01 10:16:00,13.3,1017.0,35,50,2.9,1.0,10295.1
53863,2021-04-01 10:16:00,19.5,1004.9,34,225,5.9,0.1,10253.1
53868,2021-04-01 10:16:00,1.1,1025.1,45,247,12.6,1.0,10423.4
53877,2021-04-01 10:16:00,5.8,1007.8,84,45,5.9,0.1,10115.8
53882,2021-04-01 10:16:00,22.4,1007.4,99,169,5.1,0.8,10116.8
53884,2021-04-01 10:16:00,18.5,1021.4,58,200,2.4,1.5,10067.0
53959,2021-04-01 10:16:00,20.9,1001.1,33,220,8.9,0.8,10340.8
53963,2021-04-01 10:16:00,7.7,1013.0,49,250,1.8,0.7,10466.4
53968,2021-04-01 10:16:00,14.8,1003.5,11,109,0.6,0.4,10182.9
53975,2021-04-01 10:16:00,11.1,1022.7,63,197,1.8,0.7,10321.2
57052,2021-04-01 10:16:00,24.9,1007.7,40,87,9.0,1.5,10438.9
53646,2021-04-01 10:16:00,30.0,1018.2,40,305,14.2,0.0,10079.1
53651,2021-04-01 10:16:00,18.3,1014.8,45,95,9.0,0.6,10368.4
53725,2021-04-01 10:16:00,22.2,1024.1,56,243,5.8,1.3,10044.1
53735,2021-04-01 10:16:00,12.4,1010.3,95,111,10.1,1.3,10326.7
53738,2021-04-01 10:16:00,28.7,1020.2,39,191,6.1,1.0,10429.0
53740,2021-04-01 10:16:00,20.3,1002.0,38,258,14.5,0.1,10425.3
53754,2021-04-01 10:16:00,20.3,1015.4,99,272,10.5,0.1,10148.6
53845,2021-04-01 10:16:00,5.3,1007.2,81,283,11.0,1.0,10016.3
53854,2021-04-01 10:16:00,1.7,1024.5,66,215,1.7,1.1,10131.3
53929,2021-04-01 10:16:00,28.0,1007.5,100,33,5.7,1.2,10079.4
53942,2021-04-01 10:16:00,19.7,1008.1,70,139,6.0,1.1,10458.2
53948,2021-04-01 10:16:00,22.9,1000.2,12,12,14.4,0.4,10050.0
53955,2021-04-01 10:16:00,17.2,1025.0,43,90,8.0,1.1,10467.7
57003,2021-04-01 10:16:00,8.9,1004.7,57,189,0.2,1.5,10323.6
57025,2021-04-01 10:16:00,19.3,1002.6,72,165,11.7,0.0,10015.2
57028,2021-04-01 10:16:00,17.8,1003.5,80,155,13.2,0.3,10422.5
57030,2021-04-01 10:16:00,32.6,1011.7,9,208,10.7,1.0,10356.2
57034,2021-04-01 10:16:00,1.2,1015.2,37,119,2.9,0.4,10480.7
57037,2021-04-01 10:16:00,14.9,1020.6,37,45,14.7,1.5,10351.1
57046,2021-04-01 10:16:00,7.7,1004.7,19,255,10.7,1.4,10326.4
57048,2021-04-01 10:16:00,19.9,1006.3,23,343,8.2,0.2,10449.9
57049,2021-04-01 10:16:00,1.0,1020.3,70,121,4.5,0.5,10410.0
57106,2021-04-01 10:16:00,4.7,1004.6,95,329,10.5,1.0,10194.7
57124,2021-04-01 10:16:00,32.5,1023.9,18,141,8.8,0.4,10261.1
57127,2021-04-01 10:16:00,15.2,1004.8,12,0,3.3,0.1,10017.6
57131,2021-04-01 10:16:00,8.9,1021.3,27,288,0.3,0.7,10034.5
57134,2021-04-01 10:16:00,18.1,1022.7,16,316,11.0,0.1,10147.9
57140,2021-04-01 10:16:00,22.4,1010.3,41,152,13.4,1.4,10409.4
57143,2021-04-01 10:16:00,25.8,1017.8,63,320,13.8,0.9,10486.6
57144,2021-04-01 10:16:00,28.3,1020.7,80,210,13.2,1.3,10133.6
57154,2021-04-01 10:16:00,7.0,1021.0,45,107,1.2,1.5,10068.1
57211,2021-04-01 10:16:00,4.1,1023.2,50,300,1.5,0.1,10196.1
57232,2021-04-01 10:16:00,11.0,1020.3,6,124,5.1,0.3,10302.2
57238,2021-04-01 10:16:00,25.9,1003.6,62,164,6.1,1.2,10073.1
57245,2021-04-01 10:16:00,4.7,1017.3,58,253,5.3,0.5,10278.4
57343,2021-04-01 10:16:00,10.7,1007.3,37,209,13.5,0.5,10346.7
58362,2021-04-01 10:16:00,3.2,1004.8,42,104,8.2,0.3,10185.4
56038,2021-04-01 10:16:00,12.5,1006.5,26,277,1.7,1.4,10070.2
56079,2021-04-01 10:16:00,15.7,1022.8,49,15,12.6,0.1,10191.8
56144,2021-04-01 10:16:00,21.5,1003.3,82,356,7.3,1.3,10034.2
56146,2021-04-01 10:16:00,10.8,1012.4,68,194,3.4,0.5,10075.1
56152,2021-04-01 10:16:00,3.6,1021.2,100,54,13.2,0.8,10389.6
56167,2021-04-01 10:16:00,33.0,1008.4,77,323,4.2,0.4,10253.8
56172,2021-04-01 10:16:00,6.8,1014.1,20,272,4.2,1.2,10000.8
56173,2021-04-01 10:16:00,5.5,1022.9,40,136,7.5,1.4,10013.3
56178,2021-04-01 10:16:00,2.9,1015.1,62,90,13.3,1.2,10295.0
56182,2021-04-01 10:16:00,18.3,1002.3,20,99,10.4,0.8,10096.3
56187,2021-04-01 10:16:00,28.7,1013.0,15,119,5.4,0.1,10100.7
56188,2021-04-01 10:16:00,33.3,1008.1,74,53,0.7,0.0,10486.7
56196,2021-04-01 10:16:00,14.0,1009.0,33,95,9.4,0.5,10494.3
56247,2021-04-01 10:16:00,8.0,1006.7,63,335,14.7,1.3,10495.7
56251,2021-04-01 10:16:00,27.5,1007.9,23,210,5.2,1.2,10354.5
56257,2021-04-01 10:16:00,3.4,1014.3,42,194,6.1,0.6,10164.8
56287,2021-04-01 10:16:00,26.4,1001.8,10,62,0.1,1.4,10024.4
56357,2021-04-01 10:16:00,26.3,1013.9,23,44,4.9,0.8,10109.1
56374,2021-04-01 10:16:00,17.3,1015.8,40,170,9.7,0.9,10427.4
56385,2021-04-01 10:16:00,10.1,1018.4,22,97,7.2,1.5,10429.6
56386,2021-04-01 10:16:00,3.9,1021.1,32,105,6.2,0.0,10184.2
56459,2021-04-01 10:16:00,21.1,1000.1,57,112,12.8,1.0,10378.6
56462,2021-04-01 10:16:00,10.3,1020.7,9,177,3.7,0.7,10429.2
56475,2021-04-01 10:16:00,32.4,1001.2,80,66,6.1,1.3,10092.9
56479,2021-04-01 10:16:00,24.0,1025.8,60,342,5.1,0.2,10092.8
56485,2021-04-01 10:16:00,14.6,1004.7,39,310,2.1,0.2,10131.0
56492,2021-04-01 10:16:00,0.2,1002.6,32,258,9.5,1.1,10077.1
56565,2021-04-01 10:16:00,27.3,1009.3,36,229,10.5,0.6,10432.5
56571,2021-04-01 10:16:00,24.6,1015.7,3,225,3.5,0.9,10060.7
56666,2021-04-01 10:16:00,9.7,1000.3,11,342,3.8,1.2,10191.1
56671,2021-04-01 10:16:00,1.4,1020.4,80,50,2.2,0.6,10498.0
57206,2021-04-01 10:16:00,14.8,1004.4,48,122,4.7,1.4,10120.7
57237,2021-04-01 10:16:00,26.0,1016.4,31,281,6.8,0.1,10340.5
57306,2021-04-01 10:16:00,26.1,1023.8,10,25,5.4,0.7,10475.1
57313,2021-04-01 10:16:00,26.6,1024.9,85,323,1.5,0.8,10121.4
57314,2021-04-01 10:16:00,30.5,1018.1,6,118,3.2,0.8,10127.2
57328,2021-04-01 10:16:00,20.2,1020.2,85,254,13.8,0.6,10324.5
57405,2021-04-01 10:16:00,29.9,1025.8,39,92,0.2,1.1,10413.4
57411,2021-04-01 10:16:00,11.7,1005.9,10,140,9.0,0.1,10366.2
57503,2021-04-01 10:16:00,14.5,1000.9,21,196,13.6,0.5,10485.6
57604,2021-04-01 10:16:00,1.8,1018.4,15,30,11.6,1.0,10190.2
57608,2021-04-01 10:16:00,33.2,1015.7,44,333,7.0,1.3,10126.8
54525,2021-04-01 10:16:00,21.4,1023.3,36,322,10.4,0.4,10036.6
54527,2021-04-01 10:16:00,8.9,1011.4,90,322,14.9,0.1,10279.2
54623,2021-04-01 10:16:00,3.4,1000.4,53,167,1.6,1.1,10352.7
55228,2021-04-01 10:16:00,22.3,1008.2,46,169,13.6,0.5,10091.3
55248,2021-04-01 10:16:00,29.1,1022.9,80,1,10.7,0.6,10494.4
55279,2021-04-01 10:16:00,23.0,1024.2,99,338,5.2,0.8,10056.2
55294,2021-04-01 10:16:00,6.9,1021.4,12,110,13.6,1.1,10095.5
55299,2021-04-01 10:16:00,17.6,1017.4,8,156,0.4,1.2,10403.4
55437,2021-04-01 10:16:00,6.5,1024.0,32,257,7.0,0.3,10020.3
55472,2021-04-01 10:16:00,1.3,1001.9,48,343,9.2,0.1,10271.3
55493,2021-04-01 10:16:00,23.1,1012.2,66,307,3.7,0.8,10177.3
55569,2021-04-01 10:16:00,17.3,1012.9,35,167,8.0,0.1,10399.2
55578,2021-04-01 10:16:00,29.4,1008.6,94,225,4.1,1.2,10298.5
55585,2021-04-01 10:16:00,13.9,1016.7,58,243,6.7,1.2,10459.2
55591,2021-04-01 10:16:00,27.9,1005.4,44,265,14.1,0.0,10051.5
55598,2021-04-01 10:16:00,18.4,1013.4,42,13,13.5,1.1,10063.9
55655,2021-04-01 10:16:00,23.0,1026.1,97,30,6.9,0.1,10151.3
55664,2021-04-01 10:16:00,1.7,1004.8,54,326,0.3,0.7,10430.2
55680,2021-04-01 10:16:00,24.1,1014.2,60,131,12.3,0.6,10178.0
55681,2021-04-01 10:16:00,31.0,1024.4,41,323,5.3,0.5,10346.7
55690,2021-04-01 10:16:00,27.5,1010.5,30,36,8.3,1.3,10296.2
55696,2021-04-01 10:16:00,20.9,1001.4,38,315,8.0,1.0,10275.0
55773,2021-04-01 10:16:00,21.2,1009.8,15,55,12.3,1.3,10005.7
56106,2021-04-01 10:16:00,31.8,1017.7,75,23,9.3,1.4,10258.8
56116,2021-04-01 10:16:00,31.2,1025.6,57,117,11.3,0.9,10397.2
56137,2021-04-01 10:16:00,9.5,1012.5,52,41,13.1,0.4,10087.5
56202,2021-04-01 10:16:00,29.5,1008.1,10,226,3.6,1.5,10479.9
56223,2021-04-01 10:16:00,8.5,1003.3,40,60,2.7,0.1,10478.1
56227,2021-04-01 10:16:00,24.7,1002.8,83,298,13.6,0.2,10381.2
56312,2021-04-01 10:16:00,11.2,1000.0,2,79,14.5,1.2,10073.5
56331,2021-04-01 10:16:00,21.9,1016.0,70,218,12.8,1.0,10396.1
56434,2021-04-01 10:16:00,34.8,1010.4,39,270,10.2,0.9,10334.3
51053,2021-04-01 10:16:00,23.9,1025.7,66,63,8.0,1.2,10486.8
51059,2021-04-01 10:16:00,16.3,1002.7,33,219,2.2,0.9,10294.7
51060,2021-04-01 10:16:00,12.8,1024.5,71,294,8.7,0.7,10358.8
51068,2021-04-01 10:16:00,8.0,1023.0,21,183,7.6,0.2,10433.5
51076,2021-04-01 10:16:00,23.0,1006.5,56,352,8.7,1.3,10065.9
51087,2021-04-01 10:16:00,13.8,1002.0,93,38,1.7,0.1,10199.1
51133,2021-04-01 10:16:00,17.9,1012.5,28,199,5.0,0.6,10075.5
51156,2021-04-01 10:16:00,13.2,1005.2,90,246,10.9,1.0,10064.6
51186,2021-04-01 10:16:00,32.0,1005.5,56,198,6.2,0.3,10265.3
51232,2021-04-01 10:16:00,5.7,1008.3,51,241,1.5,0.6,10437.1
51238,2021-04-01 10:16:00,3.5,1010.9,70,34,13.0,1.2,10100.6
51241,2021-04-01 10:16:00,15.1,1017.4,92,122,8.4,1.3,10148.2
51243,2021-04-01 10:16:00,35.0,1004.8,71,3,11.5,0.2,10383.7
51288,2021-04-01 10:16:00,8.5,1021.8,32,259,13.1,1.3,10432.6
51330,2021-04-01 10:16:00,1.7,1019.1,65,230,4.7,1.3,10278.6
51334,2021-04-01 10:16:00,22.5,1024.6,96,312,7.6,1.0,10405.9
51346,2021-04-01 10:16:00,20.9,1021.4,67,179,11.2,0.1,10007.7
51358,2021-04-01 10:16:00,12.3,1019.9,44,278,6.2,1.5,10104.1
51365,2021-04-01 10:16:00,32.0,1005.5,43,211,8.8,0.2,10087.4
51367,2021-04-01 10:16:00,20.2,1024.1,83,65,12.2,1.3,10485.4
51379,2021-04-01 10:16:00,21.4,1024.1,16,304,8.5,0.6,10126.4
51431,2021-04-01 10:16:00,4.6,1010.3,67,88,9.2,0.2,10472.0
51433,2021-04-01 10:16:00,8.8,1005.9,76,39,0.1,1.3,10487.1
51437,2021-04-01 10:16:00,30.3,1006.0,68,98,6.8,1.4,10108.5
51463,2021-04-01 10:16:00,20.7,1002.4,26,43,9.5,0.0,10095.8
51467,2021-04-01 10:16:00,34.1,1017.4,85,153,9.7,1.0,10102.1
51469,2021-04-01 10:16:00,6.1,1018.9,100,185,10.3,0.6,10474.0
51470,2021-04-01 10:16:00,14.4,1014.3,91,337,2.5,0.6,10028.9
51477,2021-04-01 10:16:00,19.6,1017.2,23,97,9.1,0.3,10101.7
51495,2021-04-01 10:16:00,32.3,1002.0,93,142,11.6,0.8,10287.8
51526,2021-04-01 10:16:00,32.3,1013.9,69,87,4.5,0.7,10377.5
51542,2021-04-01 10:16:00,20.0,1001.7,2,216,4.5,0.4,10076.4
51567,2021-04-01 10:16:00,7.7,1015.9,33,255,6.8,1.0,10437.3
51573,2021-04-01 10:16:00,30.9,1002.6,37,0,4.8,0.5,10486.4
51581,2021-04-01 10:16:00,3.2,1005.2,30,220,8.8,0.5,10188.1
51628,2021-04-01 10:16:00,25.4,1015.6,46,245,1.6,1.4,10004.1
51633,2021-04-01 10:16:00,28.9,1015.7,47,184,14.8,1.0,10064.0
51639,2021-04-01 10:16:00,8.8,1008.6,56,0,9.4,1.2,10459.3
51642,2021-04-01 10:16:00,11.0,1007.3,56,89,8.0,1.2,10496.9
51644,2021-04-01 10:16:00,28.1,1004.2,34,175,5.0,0.6,10438.3
51655,2021-04-01 10:16:00,15.0,1016.2,34,60,7.1,0.7,10063.7
51656,2021-04-01 10:16:00,8.6,1008.6,17,262,14.9,0.3,10243.4
51701,2021-04-01 10:16:00,8.9,1001.8,4,100,3.6,1.4,10113.5
51704,2021-04-01 10:16:00,17.2,1007.2,96,30,7.6,1.2,10486.7
51705,2021-04-01 10:16:00,31.6,1017.4,38,275,8.8,1.0,10379.4
51709,2021-04-01 10:16:00,34.9,1003.6,93,235,11.4,0.8,10296.7
51711,2021-04-01 10:16:00,23.3,1008.4,1,79,9.3,0.7,10145.3
51716,2021-04-01 10:16:00,2.5,1004.0,54,170,11.0,1.2,10335.9
51720,2021-04-01 10:16:00,33.6,1013.4,38,335,8.8,1.4,10129.3
51730,2021-04-01 10:16:00,13.1,1004.1,91,147,9.7,1.4,10192.5
51747,2021-04-01 10:16:00,26.3,1014.5,2,227,2.0,0.1,10114.1
51765,2021-04-01 10:16:00,9.5,1023.4,91,136,2.6,0.8,10490.9
51777,2021-04-01 10:16:00,9.4,1018.9,40,195,2.3,0.1,10011.7
51804,2021-04-01 10:16:00,12.3,1012.3,6,189,10.2,0.0,10218.5
51810,2021-04-01 10:16:00,25.9,1002.3,53,253,12.1,0.1,10372.7
51811,2021-04-01 10:16:00,12.6,1001.8,83,156,6.9,0.1,10498.4
51818,2021-04-01 10:16:00,1.5,1001.9,52,224,6.3,1.1,10413.6
51828,2021-04-01 10:16:00,2.5,1012.0,55,220,12.5,0.3,10346.4
51839,2021-04-01 10:16:00,14.6,1016.2,20,269,3.8,1.1,10261.1
51855,2021-04-01 10:16:00,2.7,1002.6,87,142,13.4,0.4,10108.7
51931,2021-04-01 10:16:00,9.6,1000.8,63,172,1.2,1.4,10122.1
52101,2021-04-01 10:16:00,12.2,1023.7,97,327,12.7,0.6,10037.1
52112,2021-04-01 10:16:00,0.1,1025.6,62,292,7.1,0.0,10135.3
52118,2021-04-01 10:16:00,7.6,1010.1,8,110,12.9,1.3,10020.1
52203,2021-04-01 10:16:00,8.7,1019.5,83,280,0.9,0.4,10252.2
52313,2021-04-01 10:16:00,2.2,1020.3,9,81,1.7,0.0,10273.3
56444,2021-04-01 10:16:00,33.4,1017.3,89,201,12.0,0.1,10107.2
56533,2021-04-01 10:16:00,30.0,1002.2,47,284,8.5,0.9,10205.6
56543,2021-04-01 10:16:00,23.9,1003.0,99,299,1.5,1.2,10039.4
56548,2021-04-01 10:16:00,6.0,1018.4,24,308,3.5,1.5,10457.8
56586,2021-04-01 10:16:00,13.9,1014.5,71,31,4.8,0.2,10054.7
56643,2021-04-01 10:16:00,13.0,1011.1,38,43,14.5,0.3,10384.9
56651,2021-04-01 10:16:00,14.1,1004.0,94,56,9.0,0.7,10119.9
56664,2021-04-01 10:16:00,18.6,1024.1,79,272,14.8,1.3,10462.5
56684,2021-04-01 10:16:00,11.7,1001.4,34,317,12.4,1.5,10162.9
56739,2021-04-01 10:16:00,14.7,1010.2,93,25,7.9,0.9,10132.7
56748,2021-04-01 10:16:00,20.3,1000.4,29,245,5.6,1.4,10170.0
56751,2021-04-01 10:16:00,25.7,1021.5,81,244,8.7,0.6,10116.1
56763,2021-04-01 10:16:00,13.9,1002.1,21,20,14.8,0.9,10108.8
56768,2021-04-01 10:16:00,23.6,1000.9,51,167,7.8,0.2,10155.0
56778,2021-04-01 10:16:00,19.6,1012.2,7,74,13.8,0.2,10326.6
56786,2021-04-01 10:16:00,22.5,1001.0,46,3,2.6,0.5,10453.7
56838,2021-04-01 10:16:00,10.5,1001.3,36,332,0.1,0.3,10241.7
56856,2021-04-01 10:16:00,4.1,1007.6,34,332,12.2,0.7,10421.7
56872,2021-04-01 10:16:00,21.2,1008.3,17,200,0.2,1.0,10029.5
56875,2021-04-01 10:16:00,33.5,1012.1,38,207,7.3,1.4,10343.9
56886,2021-04-01 10:16:00,13.0,1021.4,31,226,0.2,0.6,10097.3
56946,2021-04-01 10:16:00,2.1,1009.5,95,63,13.6,0.8,10388.8
56950,2021-04-01 10:16:00,0.3,1022.5,51,61,9.5,1.1,10356.7
56951,2021-04-01 10:16:00,1.0,1025.8,68,110,5.6,0.8,10175.7
56954,2021-04-01 10:16:00,29.5,1012.6,61,243,10.7,0.3,10123.2
56959,2021-04-01 10:16:00,22.0,1023.6,73,194,8.6,0.3,10214.8
56964,2021-04-01 10:16:00,6.2,1005.9,97,45,1.6,1.1,10412.0
56966,2021-04-01 10:16:00,8.2,1015.8,20,299,6.1,0.6,10187.9
56969,2021-04-01 10:16:00,12.1,1021.5,80,270,3.8,0.7,10442.8
56977,2021-04-01 10:16:00,27.7,1015.4,36,36,14.7,1.2,10065.1
56985,2021-04-01 10:16:00,9.4,1019.4,93,111,7.8,0.4,10132.9
56986,2021-04-01 10:16:00,9.8,1010.9,44,288,5.7,0.6,10333.0
56991,2021-04-01 10:16:00,27.2,1006.6,70,319,4.8,1.2,10295.7
59007,2021-04-01 10:16:00,17.6,1014.4,27,163,7.8,0.6,10401.8
58448,2021-04-01 10:16:00,3.5,1004.4,62,264,5.3,0.5,10163.8
58450,2021-04-01 10:16:00,29.1,1003.6,72,119,8.5,0.2,10437.7
58457,2021-04-01 10:16:00,30.0,1018.6,9,336,13.4,0.1,10148.4
58464,2021-04-01 10:16:00,2.0,1015.5,49,268,2.4,1.0,10217.5
58467,2021-04-01 10:16:00,5.8,1002.0,43,154,11.4,1.1,10439.0
58472,2021-04-01 10:16:00,25.7,1009.9,26,350,0.7,1.3,10259.5
58477,2021-04-01 10:16:00,13.8,1025.0,71,339,4.6,1.0,10060.1
58543,2021-04-01 10:16:00,15.6,1019.4,15,32,4.1,1.4,10150.7
58549,2021-04-01 10:16:00,14.4,1005.6,36,84,13.3,0.1,10368.5
58553,2021-04-01 10:16:00,17.0,1011.8,10,47,9.4,1.0,10443.6
58556,2021-04-01 10:16:00,7.5,1000.8,53,357,9.9,0.2,10380.9
58557,2021-04-01 10:16:00,32.2,1005.7,49,326,6.3,0.7,10127.1
58562,2021-04-01 10:16:00,32.4,1006.4,24,252,12.2,1.4,10434.4
58569,2021-04-01 10:16:00,20.8,1017.0,8,196,12.5,0.0,10374.1
58633,2021-04-01 10:16:00,31.3,1017.5,42,244,8.4,1.3,10412.4
58646,2021-04-01 10:16:00,7.2,1014.7,15,320,2.1,0.7,10141.5
58652,2021-04-01 10:16:00,8.2,1015.8,50,332,10.9,0.8,10476.7
58665,2021-04-01 10:16:00,14.6,1022.1,14,210,12.6,0.0,10402.7
58666,2021-04-01 10:16:00,25.1,1006.8,70,94,8.8,0.3,10221.6
58667,2021-04-01 10:16:00,28.4,1009.3,25,309,2.8,0.6,10112.2
58742,2021-04-01 10:16:00,19.1,1015.8,1,246,13.1,0.9,10054.6
58752,2021-04-01 10:16:00,16.6,1005.0,48,105,11.2,1.2,10369.1
58760,2021-04-01 10:16:00,2.3,1012.9,66,354,12.2,1.0,10316.9
57348,2021-04-01 10:16:00,34.3,1004.9,68,187,11.0,0.7,10165.8
57426,2021-04-01 10:16:00,10.9,1010.1,91,201,13.5,1.1,10084.5
57432,2021-04-01 10:16:00,33.9,1014.7,11,341,1.8,1.3,10005.7
57502,2021-04-01 10:16:00,8.6,1016.3,6,172,0.7,1.0,10253.0
57512,2021-04-01 10:16:00,5.2,1015.4,36,16,1.0,0.2,10032.1
57516,2021-04-01 10:16:00,12.1,1002.9,84,302,3.0,1.0,10157.5
57517,2021-04-01 10:16:00,25.9,1002.0,85,176,10.7,1.0,10205.1
57520,2021-04-01 10:16:00,11.7,1015.6,89,21,12.9,0.5,10312.2
57523,2021-04-01 10:16:00,12.9,1015.3,53,280,2.9,0.7,10180.9
57536,2021-04-01 10:16:00,0.9,1024.0,4,32,9.4,1.5,10052.6
57612,2021-04-01 10:16:00,0.0,1015.8,31,34,3.0,1.4,10062.2
57633,2021-04-01 10:16:00,20.1,1006.1,85,247,6.9,0.4,10210.1
