58015,2021-04-01 09:53:00,7.2,1010.0,80,266,14.4,0.5,10469.4
58102,2021-04-01 09:53:00,8.1,1000.2,22,207,11.7,1.4,10351.1
58118,2021-04-01 09:53:00,23.5,1013.1,13,89,0.2,1.3,10253.0
58122,2021-04-01 09:53:00,22.3,1002.5,36,121,3.5,0.1,10306.3
58203,2021-04-01 09:53:00,28.9,1012.6,33,353,10.7,0.7,10045.5
58215,2021-04-01 09:53:00,6.8,1006.5,35,318,12.7,1.1,10201.6
58221,2021-04-01 09:53:00,22.4,1016.3,65,305,8.7,1.3,10323.3
58225,2021-04-01 09:53:00,2.6,1014.1,15,40,12.9,0.9,10102.3
58236,2021-04-01 09:53:00,24.5,1025.9,31,299,1.1,0.6,10440.5
58311,2021-04-01 09:53:00,16.1,1023.3,96,263,14.0,1.0,10340.1
58314,2021-04-01 09:53:00,22.6,1013.5,99,196,5.1,0.2,10204.0
58319,2021-04-01 09:53:00,7.2,1015.6,60,339,2.0,0.5,10183.8
58321,2021-04-01 09:53:00,9.2,1007.4,38,155,2.9,1.1,10495.4
58326,2021-04-01 09:53:00,13.4,1017.2,59,104,6.2,1.0,10364.3
58336,2021-04-01 09:53:00,6.4,1002.1,61,342,12.3,0.6,10492.5
58338,2021-04-01 09:53:00,1.5,1020.7,13,4,1.4,0.0,10461.0
58414,2021-04-01 09:53:00,2.6,1024.7,8,145,12.4,0.8,10099.1
58419,2021-04-01 09:53:00,17.4,1010.3,60,27,4.7,0.5,10010.1
58424,2021-04-01 09:53:00,16.3,1002.8,99,64,11.1,1.4,10113.3
58429,2021-04-01 09:53:00,22.6,1020.5,78,349,9.2,1.0,10304.0
58436,2021-04-01 09:53:00,29.6,1021.1,22,86,11.3,0.4,10095.2
58437,2021-04-01 09:53:00,13.3,1011.6,37,224,4.2,1.5,10098.6
58520,2021-04-01 09:53:00,24.8,1017.1,3,131,14.2,0.8,10220.6
58531,2021-04-01 09:53:00,20.2,1013.9,6,68,8.4,1.1,10230.9
54406,2021-04-01 09:53:00,4.0,1018.2,77,19,4.5,0.5,10358.9
54416,2021-04-01 09:53:00,25.5,1000.7,70,290,5.8,0.5,10480.1
54511,2021-04-01 09:53:00,30.5,1000.4,87,84,12.1,0.4,10156.0
58725,2021-04-01 09:53:00,27.5,1007.0,15,36,0.9,0.3,10035.5
58730,2021-04-01 09:53:00,12.4,1015.1,8,45,13.5,0.7,10241.3
58731,2021-04-01 09:53:00,25.2,1021.4,3,121,11.6,1.2,10284.2
58734,2021-04-01 09:53:00,2.6,1004.4,38,259,13.6,0.3,10042.5
58737,2021-04-01 09:53:00,30.9,1013.8,23,332,1.3,0.8,10394.2
58744,2021-04-01 09:53:00,16.7,1008.5,98,190,6.6,1.2,10407.2
58754,2021-04-01 09:53:00,10.7,1011.1,13,96,2.8,1.4,10072.2
58818,2021-04-01 09:53:00,0.6,1014.3,73,3,1.8,1.0,10035.1
58820,2021-04-01 09:53:00,11.0,1026.2,31,185,0.5,1.3,10271.1
58834,2021-04-01 09:53:00,28.0,1007.1,30,115,0.1,0.7,10102.9
58837,2021-04-01 09:53:00,30.3,1002.0,14,194,12.9,0.1,10395.0
58843,2021-04-01 09:53:00,19.6,1026.1,41,173,8.0,0.0,10419.1
58846,2021-04-01 09:53:00,25.5,1001.1,85,48,6.4,1.4,10250.4
58847,2021-04-01 09:53:00,27.1,1004.4,63,64,11.3,0.3,10037.5
58911,2021-04-01 09:53:00,15.4,1012.7,9,286,6.0,0.9,10013.3
58918,2021-04-01 09:53:00,24.9,1022.5,76,76,4.4,1.5,10168.3
58921,2021-04-01 09:53:00,26.5,1005.1,27,266,11.0,0.2,10155.6
58926,2021-04-01 09:53:00,24.1,1005.7,60,287,14.8,0.1,10481.0
58927,2021-04-01 09:53:00,31.5,1019.9,35,128,3.9,0.7,10373.6
58931,2021-04-01 09:53:00,34.2,1015.3,32,258,2.1,1.0,10202.4
58933,2021-04-01 09:53:00,31.1,1011.5,36,241,5.6,0.2,10284.8
58936,2021-04-01 09:53:00,21.5,1014.6,54,204,0.3,0.0,10178.0
58944,2021-04-01 09:53:00,12.3,1021.5,88,15,10.1,1.4,10033.6
59113,2021-04-01 09:53:00,27.2,1003.4,63,81,13.7,0.5,10359.2
59126,2021-04-01 09:53:00,3.8,1022.1,18,5,7.6,0.9,10208.0
59133,2021-04-01 09:53:00,22.0,1015.2,38,283,9.5,0.6,10284.3
59134,2021-04-01 09:53:00,4.6,1018.1,44,295,14.1,0.7,10071.5
59321,2021-04-01 09:53:00,0.4,1018.5,67,337,12.4,0.4,10059.3
52323,2021-04-01 09:53:00,33.6,1001.0,63,112,7.6,0.8,10499.9
52418,2021-04-01 09:53:00,24.9,1014.5,69,80,10.4,0.5,10269.2
52424,2021-04-01 09:53:00,13.9,1019.5,96,320,10.6,0.6,10079.5
52436,2021-04-01 09:53:00,0.6,1013.4,79,55,2.4,0.4,10443.6
52446,2021-04-01 09:53:00,31.1,1013.6,64,124,0.3,0.2,10336.3
52447,2021-04-01 09:53:00,9.4,1024.3,38,305,4.3,0.5,10100.6
52533,2021-04-01 09:53:00,15.6,1011.5,22,338,1.7,0.8,10166.5
52546,2021-04-01 09:53:00,19.8,1023.6,7,123,2.6,0.8,10324.8
52652,2021-04-01 09:53:00,27.6,1022.7,56,3,1.0,1.4,10034.3
52661,2021-04-01 09:53:00,9.1,1025.3,8,174,5.8,0.4,10401.4
52674,2021-04-01 09:53:00,30.2,1012.4,58,60,1.9,1.4,10069.4
52679,2021-04-01 09:53:00,0.3,1023.3,3,181,10.4,1.2,10278.1
52681,2021-04-01 09:53:00,14.6,1018.7,60,7,8.1,0.6,10200.2
52787,2021-04-01 09:53:00,30.3,1008.2,10,59,8.5,0.4,10301.9
52797,2021-04-01 09:53:00,22.0,1000.2,38,117,1.6,0.2,10199.4
52884,2021-04-01 09:53:00,18.9,1000.1,2,235,2.4,0.3,10104.2
52895,2021-04-01 09:53:00,12.1,1026.0,27,355,11.4,0.5,10492.8
52983,2021-04-01 09:53:00,32.3,1017.9,45,84,14.1,0.5,10338.0
52984,2021-04-01 09:53:00,5.0,1000.3,62,54,3.6,0.3,10464.0
52986,2021-04-01 09:53:00,2.9,1010.5,75,244,12.4,1.5,10242.1
52996,2021-04-01 09:53:00,2.0,1000.9,61,231,9.9,1.0,10037.8
53821,2021-04-01 09:53:00,32.0,1008.1,2,4,3.2,0.2,10191.3
53915,2021-04-01 09:53:00,25.7,1025.3,16,323,12.7,0.1,10258.6
53923,2021-04-01 09:53:00,15.1,1013.8,3,79,12.3,0.4,10465.3
56074,2021-04-01 09:53:00,30.8,1007.7,88,140,14.1,1.1,10414.6
56080,2021-04-01 09:53:00,27.7,1016.8,83,228,11.6,0.4,10118.7
56093,2021-04-01 09:53:00,30.7,1019.9,85,103,3.7,0.0,10214.8
56096,2021-04-01 09:53:00,1.1,1026.2,57,169,10.7,0.2,10179.7
57014,2021-04-01 09:53:00,4.8,1021.5,65,222,9.7,1.5,10187.4
57996,2021-04-01 09:53:00,8.3,1014.3,18,125,14.3,0.4,10187.4
59072,2021-04-01 09:53:00,30.8,1011.8,71,1,7.2,1.0,10265.4
59082,2021-04-01 09:53:00,30.4,1025.1,63,154,13.5,0.7,10353.6
59087,2021-04-01 09:53:00,32.3,1004.4,5,255,7.0,0.1,10179.4
59088,2021-04-01 09:53:00,1.5,1020.4,92,0,12.7,0.4,10039.3
59096,2021-04-01 09:53:00,0.7,1006.5,91,243,9.8,0.8,10448.0
59097,2021-04-01 09:53:00,31.5,1026.2,81,242,7.5,1.5,10198.9
59107,2021-04-01 09:53:00,22.6,1000.2,12,25,14.3,0.4,10193.9
59116,2021-04-01 09:53:00,27.9,1020.2,90,185,6.1,1.2,10399.6
59117,2021-04-01 09:53:00,32.5,1007.8,95,53,0.5,1.2,10325.0
59271,2021-04-01 09:53:00,15.3,1015.4,46,288,11.8,0.2,10153.2
59278,2021-04-01 09:53:00,17.2,1022.1,19,126,8.5,0.6,10072.5
59280,2021-04-01 09:53:00,27.6,1000.1,45,14,13.5,0.6,10223.6
59287,2021-04-01 09:53:00,24.4,1015.8,77,189,11.3,1.4,10329.8
59289,2021-04-01 09:53:00,28.7,1010.1,5,215,0.5,0.1,10004.7
59293,2021-04-01 09:53:00,30.0,1025.9,67,309,10.2,0.8,10440.1
59294,2021-04-01 09:53:00,28.0,1007.6,40,258,11.2,0.4,10143.3
59298,2021-04-01 09:53:00,3.5,1011.2,44,316,4.0,0.7,10020.9
59303,2021-04-01 09:53:00,20.6,1010.6,93,205,9.9,0.8,10412.8
59304,2021-04-01 09:53:00,25.0,1018.0,56,62,13.1,0.5,10288.2
59306,2021-04-01 09:53:00,18.0,1004.8,80,53,12.4,0.2,10234.8
59310,2021-04-01 09:53:00,7.9,1011.9,56,220,12.6,1.4,10492.2
59316,2021-04-01 09:53:00,30.3,1017.6,27,5,11.4,1.4,10034.6
59317,2021-04-01 09:53:00,4.4,1007.7,55,33,6.9,0.1,10029.0
59324,2021-04-01 09:53:00,0.8,1002.5,60,224,4.3,0.2,10399.3
59456,2021-04-01 09:53:00,34.5,1023.3,2,350,1.5,0.5,10325.9
59462,2021-04-01 09:53:00,19.3,1002.9,40,352,8.1,0.5,10080.2
59478,2021-04-01 09:53:00,21.7,1002.6,44,333,10.3,1.3,10234.3
59485,2021-04-01 09:53:00,31.6,1007.9,95,34,9.6,0.9,10485.9
59488,2021-04-01 09:53:00,29.3,1009.8,22,260,10.3,0.6,10214.8
59493,2021-04-01 09:53:00,10.0,1020.8,27,94,4.3,0.1,10038.3
59501,2021-04-01 09:53:00,1.7,1008.3,69,243,12.1,0.3,10242.5
59658,2021-04-01 09:53:00,23.9,1001.6,76,58,2.2,0.5,10253.8
59663,2021-04-01 09:53:00,18.4,1015.1,36,9,12.1,0.0,10071.7
59664,2021-04-01 09:53:00,21.9,1004.8,97,155,1.6,0.6,10058.5
59673,2021-04-01 09:53:00,3.3,1009.7,89,129,12.7,1.2,10293.8
59754,2021-04-01 09:53:00,8.3,1011.6,3,232,13.4,1.3,10210.3
57947,2021-04-01 09:53:00,16.9,1013.1,47,326,7.7,0.6,10285.9
57957,2021-04-01 09:53:00,12.4,1011.2,62,116,12.5,0.5,10127.9
57958,2021-04-01 09:53:00,12.4,1018.7,34,65,12.6,0.9,10277.2
59021,2021-04-01 09:53:00,18.4,1011.1,61,141,5.2,1.4,10484.7
59023,2021-04-01 09:53:00,27.5,1018.3,100,237,9.6,1.3,10115.0
59027,2021-04-01 09:53:00,10.6,1003.4,64,147,12.2,0.8,10399.2
59037,2021-04-01 09:53:00,15.7,1016.6,27,351,12.0,0.7,10199.6
59046,2021-04-01 09:53:00,27.3,1010.2,45,169,6.3,0.4,10025.7
59058,2021-04-01 09:53:00,34.8,1014.5,28,47,6.5,1.0,10346.5
59065,2021-04-01 09:53:00,7.6,1008.8,33,20,0.5,0.4,10419.3
59209,2021-04-01 09:53:00,7.3,1017.4,23,156,11.0,1.2,10288.8
59211,2021-04-01 09:53:00,26.0,1023.0,70,146,9.4,0.1,10356.5
59218,2021-04-01 09:53:00,10.8,1007.1,30,220,14.3,1.2,10106.0
59228,2021-04-01 09:53:00,7.4,1019.6,96,24,1.0,0.8,10389.1
59242,2021-04-01 09:53:00,30.0,1013.6,36,254,5.2,0.9,10390.2
59254,2021-04-01 09:53:00,3.2,1016.8,43,175,2.0,1.1,10043.4
59265,2021-04-01 09:53:00,17.5,1011.8,2,256,5.1,1.5,10379.8
59417,2021-04-01 09:53:00,5.6,1014.6,48,237,7.8,0.7,10480.6
59431,2021-04-01 09:53:00,9.5,1003.8,51,305,5.1,1.3,10113.5
59446,2021-04-01 09:53:00,6.7,1012.0,22,198,0.5,0.0,10035.7
59453,2021-04-01 09:53:00,19.7,1008.0,93,93,10.6,0.5,10126.6
59626,2021-04-01 09:53:00,22.6,1000.3,31,202,2.0,1.0,10032.9
59631,2021-04-01 09:53:00,8.4,1015.0,93,170,9.8,0.6,10449.2
59632,2021-04-01 09:53:00,21.0,1021.0,47,86,12.5,0.3,10357.4
59644,2021-04-01 09:53:00,21.1,1019.6,44,327,10.9,1.1,10209.2
59647,2021-04-01 09:53:00,16.7,1002.7,75,184,6.1,1.3,10299.7
56691,2021-04-01 09:53:00,33.7,1016.7,90,223,1.4,1.4,10458.5
56693,2021-04-01 09:53:00,34.3,1015.6,73,155,5.8,0.6,10335.2
56792,2021-04-01 09:53:00,3.3,1010.7,99,35,2.1,0.9,10426.3
56793,2021-04-01 09:53:00,14.2,1023.5,80,307,6.5,0.1,10130.2
57606,2021-04-01 09:53:00,33.3,1015.2,3,319,5.1,0.7,10266.7
57614,2021-04-01 09:53:00,10.4,1009.0,72,229,5.4,0.3,10163.2
57625,2021-04-01 09:53:00,16.9,1013.1,67,86,14.8,0.0,10039.5
57647,2021-04-01 09:53:00,15.4,1025.2,41,51,14.4,1.1,10341.0
57707,2021-04-01 09:53:00,7.1,1004.4,75,125,13.9,0.8,10432.7
57710,2021-04-01 09:53:00,10.0,1015.9,43,158,4.5,0.1,10414.0
57712,2021-04-01 09:53:00,19.8,1013.6,33,113,6.9,0.6,10029.9
57718,2021-04-01 09:53:00,13.8,1002.3,26,191,3.0,0.5,10481.0
57722,2021-04-01 09:53:00,6.8,1025.6,46,346,11.0,1.1,10360.5
57729,2021-04-01 09:53:00,8.4,1000.9,73,192,6.9,1.5,10422.6
57731,2021-04-01 09:53:00,22.0,1021.0,38,47,8.9,0.5,10342.1
57741,2021-04-01 09:53:00,32.4,1001.3,93,210,14.4,0.9,10105.0
57803,2021-04-01 09:53:00,22.6,1006.6,18,33,2.2,0.6,10243.8
57805,2021-04-01 09:53:00,13.0,1006.6,17,186,13.7,0.0,10004.6
57806,2021-04-01 09:53:00,20.4,1016.7,81,64,8.8,0.9,10334.9
57816,2021-04-01 09:53:00,8.2,1025.3,25,199,11.8,0.0,10100.8
57825,2021-04-01 09:53:00,7.6,1015.2,45,159,7.5,0.9,10244.9
57827,2021-04-01 09:53:00,24.5,1001.9,37,303,6.7,0.8,10202.9
57832,2021-04-01 09:53:00,8.8,1015.8,52,103,5.0,1.1,10177.4
57839,2021-04-01 09:53:00,23.8,1007.8,36,149,9.8,0.7,10092.9
57840,2021-04-01 09:53:00,4.5,1009.4,84,59,11.8,1.1,10157.2
57902,2021-04-01 09:53:00,19.6,1021.9,15,252,2.3,1.5,10028.1
57906,2021-04-01 09:53:00,34.6,1010.8,2,108,4.8,0.9,10067.1
57907,2021-04-01 09:53:00,24.0,1005.3,56,289,4.3,0.3,10295.4
57910,2021-04-01 09:53:00,25.5,1022.2,25,20,8.2,0.3,10496.3
57912,2021-04-01 09:53:00,27.3,1005.0,62,18,8.4,1.1,10004.9
57916,2021-04-01 09:53:00,6.9,1008.1,71,242,3.2,0.0,10406.5
57922,2021-04-01 09:53:00,10.4,1004.9,67,171,6.7,1.3,10399.3
57926,2021-04-01 09:53:00,9.4,1014.9,37,356,1.7,0.0,10125.8
57932,2021-04-01 09:53:00,27.7,1013.6,56,215,1.1,0.8,10051.2
59758,2021-04-01 09:53:00,0.0,1014.9,97,96,2.2,0.2,10159.3
59838,2021-04-01 09:53:00,17.1,1015.2,62,67,12.1,1.1,10325.4
59845,2021-04-01 09:53:00,16.9,1023.3,44,344,1.7,0.7,10220.7
59849,2021-04-01 09:53:00,18.5,1015.1,30,57,1.4,1.2,10158.2
59855,2021-04-01 09:53:00,23.8,1020.3,99,22,4.9,1.0,10199.5
59948,2021-04-01 09:53:00,13.4,1026.3,91,216,10.5,0.3,10211.7
59954,2021-04-01 09:53:00,4.2,1012.5,86,92,3.8,0.5,10098.6
59981,2021-04-01 09:53:00,32.2,1004.2,41,254,0.6,1.3,10170.7
53399,2021-04-01 09:53:00,11.0,1018.6,29,338,1.1,0.3,10438.0
53593,2021-04-01 09:53:00,21.0,1018.6,52,191,8.6,0.9,10448.8
53698,2021-04-01 09:53:00,17.2,1012.4,75,133,13.4,1.2,10388.0
53798,2021-04-01 09:53:00,10.9,1003.3,26,69,10.5,0.5,10437.9
54308,2021-04-01 09:53:00,7.5,1001.0,8,184,4.1,1.1,10174.0
54311,2021-04-01 09:53:00,7.3,1024.2,3,292,8.6,0.2,10064.8
54401,2021-04-01 09:53:00,22.7,1022.6,4,48,5.0,1.3,10300.8
54405,2021-04-01 09:53:00,31.6,1024.9,91,288,3.4,1.1,10106.0
54423,2021-04-01 09:53:00,33.8,1021.1,62,33,6.6,1.2,10160.9
54429,2021-04-01 09:53:00,7.8,1009.6,20,61,7.0,0.6,10158.6
54436,2021-04-01 09:53:00,11.8,1019.5,69,193,8.1,1.5,10038.2
54449,2021-04-01 09:53:00,19.0,1004.8,48,128,9.4,1.3,10052.5
54518,2021-04-01 09:53:00,25.2,1006.0,68,329,3.6,0.0,10080.7
54534,2021-04-01 09:53:00,6.1,1024.6,13,103,0.9,1.5,10153.5
54535,2021-04-01 09:53:00,13.7,1004.7,50,310,13.9,0.1,10241.2
54539,2021-04-01 09:53:00,10.5,1022.8,29,277,9.8,1.5,10088.9
54602,2021-04-01 09:53:00,11.1,1020.5,7,253,12.0,1.3,10366.6
54606,2021-04-01 09:53:00,27.7,1008.4,70,302,5.5,1.3,10161.7
54618,2021-04-01 09:53:00,8.0,1023.9,2,307,7.4,0.6,10261.0
54624,2021-04-01 09:53:00,16.8,1016.1,17,208,1.6,0.1,10447.6
54705,2021-04-01 09:53:00,27.3,1025.7,76,59,13.7,0.1,10240.6
53898,2021-04-01 09:53:00,23.4,1020.0,28,187,5.9,0.0,10420.6
53986,2021-04-01 09:53:00,5.2,1012.7,7,184,14.3,0.7,10340.8
57051,2021-04-01 09:53:00,18.1,1018.6,74,123,3.3,1.3,10408.5
57067,2021-04-01 09:53:00,28.7,1014.6,22,156,5.9,0.4,10080.6
57071,2021-04-01 09:53:00,25.7,1003.4,60,168,8.6,1.4,10232.3
57077,2021-04-01 09:53:00,10.4,1015.2,58,273,11.1,0.3,10004.4
57083,2021-04-01 09:53:00,2.7,1012.0,34,224,13.6,0.2,10077.1
57084,2021-04-01 09:53:00,35.0,1006.4,36,323,3.8,0.0,10106.8
57089,2021-04-01 09:53:00,8.5,1001.4,19,97,13.5,1.3,10272.8
57091,2021-04-01 09:53:00,5.4,1019.4,34,239,9.6,0.2,10442.0
57156,2021-04-01 09:53:00,12.2,1021.0,35,147,13.2,1.5,10415.2
57178,2021-04-01 09:53:00,1.7,1007.7,56,70,7.9,1.4,10121.6
57181,2021-04-01 09:53:00,9.6,1013.3,57,116,0.4,1.4,10264.9
57193,2021-04-01 09:53:00,10.9,1004.2,20,1,1.8,1.2,10330.2
57285,2021-04-01 09:53:00,28.5,1006.6,19,216,10.3,1.2,10343.2
57290,2021-04-01 09:53:00,29.9,1013.6,88,325,0.5,0.6,10228.3
57297,2021-04-01 09:53:00,1.2,1007.7,14,133,13.2,0.5,10212.7
58005,2021-04-01 09:53:00,17.8,1018.1,84,215,9.8,1.4,10061.7
58111,2021-04-01 09:53:00,6.8,1024.8,23,162,10.4,0.4,10446.3
58208,2021-04-01 09:53:00,28.8,1025.8,55,135,7.4,0.5,10139.6
50136,2021-04-01 09:53:00,19.1,1022.0,49,336,11.9,0.5,10410.0
50246,2021-04-01 09:53:00,15.2,1006.4,40,357,3.0,1.4,10485.2
50247,2021-04-01 09:53:00,13.2,1009.3,55,198,3.8,0.0,10168.4
50349,2021-04-01 09:53:00,22.1,1019.7,45,274,2.2,1.0,10207.4
50353,2021-04-01 09:53:00,29.5,1003.7,3,259,7.9,0.6,10163.7
50442,2021-04-01 09:53:00,6.4,1012.0,18,52,9.9,0.9,10300.9
50468,2021-04-01 09:53:00,20.2,1026.0,8,10,11.6,0.5,10496.7
50557,2021-04-01 09:53:00,4.3,1023.1,43,281,11.5,1.4,10109.2
50564,2021-04-01 09:53:00,7.7,1003.6,57,46,3.0,0.2,10296.6
50656,2021-04-01 09:53:00,27.5,1010.5,66,159,2.5,0.6,10328.7
50658,2021-04-01 09:53:00,8.0,1004.3,6,37,12.9,0.4,10415.4
50674,2021-04-01 09:53:00,24.6,1013.7,29,181,2.0,0.2,10161.8
50739,2021-04-01 09:53:00,27.3,1015.0,10,333,4.7,1.4,10454.4
50742,2021-04-01 09:53:00,3.2,1004.6,78,37,3.7,1.0,10266.0
50745,2021-04-01 09:53:00,8.9,1021.8,65,149,2.2,1.3,10355.5
50756,2021-04-01 09:53:00,23.9,1008.9,67,170,11.3,1.0,10008.2
50758,2021-04-01 09:53:00,17.6,1017.7,11,89,7.9,0.7,10061.8
50774,2021-04-01 09:53:00,4.8,1006.9,7,16,11.6,0.7,10231.9
50778,2021-04-01 09:53:00,34.5,1018.9,47,27,10.7,0.2,10409.5
50788,2021-04-01 09:53:00,7.0,1007.1,4,136,11.7,0.5,10066.4
50844,2021-04-01 09:53:00,27.3,1001.6,95,215,13.5,0.8,10409.1
50853,2021-04-01 09:53:00,32.2,1021.5,84,153,6.5,0.9,10142.7
50854,2021-04-01 09:53:00,2.2,1006.1,47,266,5.7,0.8,10213.2
50862,2021-04-01 09:53:00,11.6,1015.6,11,68,3.8,1.0,10009.7
50873,2021-04-01 09:53:00,13.8,1009.0,76,168,0.3,0.9,10301.2
50877,2021-04-01 09:53:00,15.6,1023.0,93,263,0.0,0.7,10449.7
50888,2021-04-01 09:53:00,17.7,1005.6,50,208,9.2,0.7,10305.2
50950,2021-04-01 09:53:00,32.3,1010.2,41,275,14.8,0.6,10267.5
50953,2021-04-01 09:53:00,15.3,1008.8,5,184,0.6,1.1,10289.4
50955,2021-04-01 09:53:00,7.5,1021.7,41,140,2.7,0.0,10268.4
50963,2021-04-01 09:53:00,8.8,1010.6,4,347,7.9,1.2,10254.8
50968,2021-04-01 09:53:00,28.8,1007.4,35,312,9.1,0.6,10111.3
50973,2021-04-01 09:53:00,11.7,1022.3,8,178,4.9,0.7,10290.1
50978,2021-04-01 09:53:00,11.9,1012.2,60,228,4.4,0.3,10126.5
50983,2021-04-01 09:53:00,15.0,1024.5,24,112,4.8,0.6,10436.0
54094,2021-04-01 09:53:00,25.6,1004.5,100,200,3.0,1.3,10099.6
54096,2021-04-01 09:53:00,10.7,1016.1,64,15,9.1,1.4,10135.0
57251,2021-04-01 09:53:00,28.1,1026.3,21,337,2.7,0.7,10222.5
57256,2021-04-01 09:53:00,14.7,1021.4,87,216,11.9,1.0,10417.9
57259,2021-04-01 09:53:00,16.2,1026.3,5,256,11.9,1.1,10344.4
57265,2021-04-01 09:53:00,16.5,1002.5,73,306,5.3,1.2,10127.6
57278,2021-04-01 09:53:00,14.2,1020.5,41,135,9.6,0.0,10246.0
57279,2021-04-01 09:53:00,28.0,1012.9,4,149,12.8,0.5,10266.4
57355,2021-04-01 09:53:00,11.1,1002.1,51,39,4.0,1.1,10126.6
57358,2021-04-01 09:53:00,16.3,1018.2,17,164,10.3,0.1,10338.9
57359,2021-04-01 09:53:00,1.0,1018.7,85,53,3.9,1.2,10306.4
57363,2021-04-01 09:53:00,22.0,1017.4,27,303,13.3,0.5,10363.0
57378,2021-04-01 09:53:00,27.7,1002.5,62,215,12.4,0.8,10141.7
57381,2021-04-01 09:53:00,2.0,1001.6,56,37,13.3,1.5,10472.8
57395,2021-04-01 09:53:00,8.4,1010.4,84,347,14.3,0.0,10142.7
57399,2021-04-01 09:53:00,6.6,1021.1,94,340,13.5,0.3,10267.5
57439,2021-04-01 09:53:00,13.1,1018.2,100,326,2.5,0.1,10378.1
57445,2021-04-01 09:53:00,25.1,1020.2,89,215,4.8,1.1,10092.4
57447,2021-04-01 09:53:00,11.6,1020.7,86,102,13.1,0.4,10053.7
57458,2021-04-01 09:53:00,6.5,1018.7,26,30,14.1,1.5,10084.2
57461,2021-04-01 09:53:00,18.1,1003.2,19,169,9.7,0.5,10457.6
57476,2021-04-01 09:53:00,15.5,1018.0,89,323,5.7,0.9,10400.0
57482,2021-04-01 09:53:00,6.1,1010.5,83,241,13.9,0.3,10185.9
57483,2021-04-01 09:53:00,2.9,1024.6,89,20,13.4,0.9,10311.7
57493,2021-04-01 09:53:00,22.4,1026.4,45,295,12.7,0.2,10234.9
57494,2021-04-01 09:53:00,26.3,1014.2,44,308,6.4,1.2,10096.8
57545,2021-04-01 09:53:00,30.9,1001.4,62,233,8.1,0.7,10245.1
57573,2021-04-01 09:53:00,18.9,1009.1,42,108,5.7,0.9,10391.5
57581,2021-04-01 09:53:00,18.9,1001.2,63,330,13.1,0.6,10199.7
57583,2021-04-01 09:53:00,15.1,1009.3,83,196,10.7,0.2,10045.3
57595,2021-04-01 09:53:00,28.5,1015.0,8,277,6.9,0.0,10260.5
58402,2021-04-01 09:53:00,6.7,1025.7,58,85,3.3,1.1,10218.2
58407,2021-04-01 09:53:00,14.3,1012.2,26,168,2.9,1.1,10435.1
58500,2021-04-01 09:53:00,7.2,1018.6,38,313,12.1,1.5,10276.0
57554,2021-04-01 09:53:00,15.0,1025.9,47,219,6.1,0.6,10158.3
57562,2021-04-01 09:53:00,29.9,1024.6,81,295,9.4,0.1,10165.9
57574,2021-04-01 09:53:00,17.9,1022.3,39,194,12.1,1.5,10106.2
57584,2021-04-01 09:53:00,4.0,1001.8,75,355,9.9,1.1,10189.7
57642,2021-04-01 09:53:00,9.4,1006.1,52,260,3.8,0.1,10015.5
57649,2021-04-01 09:53:00,13.2,1026.3,49,342,13.0,0.8,10153.8
57655,2021-04-01 09:53:00,21.3,1023.3,34,275,0.6,1.5,10343.5
57662,2021-04-01 09:53:00,34.9,1006.7,46,352,4.0,1.5,10203.9
57669,2021-04-01 09:53:00,17.0,1002.9,41,111,7.0,1.1,10246.9
57671,2021-04-01 09:53:00,20.4,1021.6,63,20,14.6,1.1,10404.7
57673,2021-04-01 09:53:00,23.8,1023.8,64,334,1.3,0.8,10471.8
57679,2021-04-01 09:53:00,29.9,1025.5,97,259,10.7,0.9,10084.5
57682,2021-04-01 09:53:00,32.8,1023.9,32,120,0.0,0.7,10009.7
57687,2021-04-01 09:53:00,19.4,1023.0,67,343,10.8,1.2,10011.7
57745,2021-04-01 09:53:00,12.2,1010.5,38,215,4.1,0.4,10088.5
57749,2021-04-01 09:53:00,15.6,1009.5,4,284,7.0,0.7,10281.6
57752,2021-04-01 09:53:00,15.4,1025.7,8,68,10.8,1.0,10495.6
57758,2021-04-01 09:53:00,32.1,1016.7,24,201,2.7,0.5,10399.5
57761,2021-04-01 09:53:00,19.8,1008.2,60,329,6.7,0.8,10210.8
57766,2021-04-01 09:53:00,0.7,1005.5,67,245,0.0,0.5,10380.9
57774,2021-04-01 09:53:00,3.0,1010.8,18,344,1.7,0.5,10488.7
57776,2021-04-01 09:53:00,9.0,1019.7,6,256,7.9,0.5,10343.3
57779,2021-04-01 09:53:00,1.9,1008.7,34,91,9.6,0.4,10416.9
57780,2021-04-01 09:53:00,33.0,1006.7,10,346,9.4,1.1,10348.0
57841,2021-04-01 09:53:00,20.4,1009.6,86,142,7.4,0.2,10103.5
57845,2021-04-01 09:53:00,17.9,1000.1,64,89,14.9,0.5,10206.2
57853,2021-04-01 09:53:00,14.1,1007.7,76,87,7.6,1.3,10058.9
57857,2021-04-01 09:53:00,28.7,1006.5,64,239,10.0,0.5,10147.4
57860,2021-04-01 09:53:00,9.0,1012.9,62,303,10.5,1.0,10338.5
57866,2021-04-01 09:53:00,15.9,1012.0,45,67,13.2,0.7,10352.5
57872,2021-04-01 09:53:00,15.3,1001.3,55,51,13.0,0.2,10051.9
57874,2021-04-01 09:53:00,26.8,1006.3,30,132,0.0,1.2,10196.5
57889,2021-04-01 09:53:00,20.9,1004.6,41,309,12.6,1.3,10023.4
57965,2021-04-01 09:53:00,17.5,1009.9,11,27,10.2,1.4,10484.6
57972,2021-04-01 09:53:00,5.2,1015.1,43,259,9.0,0.9,10037.3
57974,2021-04-01 09:53:00,6.5,1006.1,82,171,12.4,0.6,10155.1
50936,2021-04-01 09:53:00,24.4,1000.1,39,337,3.0,0.7,10466.1
50945,2021-04-01 09:53:00,6.9,1020.4,71,161,8.6,1.2,10365.4
50948,2021-04-01 09:53:00,14.9,1019.1,55,264,9.8,0.5,10379.0
50949,2021-04-01 09:53:00,2.6,1006.3,26,242,12.9,1.0,10490.2
54041,2021-04-01 09:53:00,30.4,1009.0,10,69,7.9,0.0,10366.5
54049,2021-04-01 09:53:00,34.3,1021.1,89,77,11.7,1.5,10071.6
54063,2021-04-01 09:53:00,2.6,1013.6,72,263,7.8,1.3,10163.1
54064,2021-04-01 09:53:00,1.5,1012.6,63,48,7.6,1.2,10365.3
54142,2021-04-01 09:53:00,24.1,1004.3,25,300,7.1,1.4,10009.5
54157,2021-04-01 09:53:00,21.4,1011.4,53,33,1.7,0.5,10231.5
54161,2021-04-01 09:53:00,29.6,1001.2,93,8,4.3,0.7,10218.5
54165,2021-04-01 09:53:00,4.4,1005.3,52,3,7.1,0.9,10076.8
54171,2021-04-01 09:53:00,22.6,1008.5,55,105,5.4,0.6,10011.0
54181,2021-04-01 09:53:00,33.6,1014.1,61,109,10.2,0.8,10471.4
54186,2021-04-01 09:53:00,18.8,1002.5,25,224,10.7,0.0,10170.3
54195,2021-04-01 09:53:00,15.8,1009.7,28,38,7.7,1.4,10108.0
54260,2021-04-01 09:53:00,16.3,1021.4,6,108,0.1,1.1,10293.8
54263,2021-04-01 09:53:00,27.8,1004.2,25,164,0.8,0.4,10048.3
54266,2021-04-01 09:53:00,4.0,1020.8,8,192,0.4,0.3,10355.2
54273,2021-04-01 09:53:00,9.7,1013.7,85,156,8.6,0.8,10130.9
54276,2021-04-01 09:53:00,25.3,1004.7,30,333,13.8,1.0,10462.7
54284,2021-04-01 09:53:00,5.0,1004.8,69,157,14.2,0.4,10442.4
54285,2021-04-01 09:53:00,29.7,1003.8,100,103,12.8,0.3,10168.9
54286,2021-04-01 09:53:00,30.1,1010.7,37,138,4.4,0.9,10156.1
54292,2021-04-01 09:53:00,5.8,1020.5,14,23,2.9,1.4,10153.4
54363,2021-04-01 09:53:00,31.2,1014.6,72,90,3.1,1.5,10029.0
54374,2021-04-01 09:53:00,8.6,1018.0,94,165,11.5,0.5,10067.2
54377,2021-04-01 09:53:00,8.1,1025.2,90,158,4.4,0.5,10370.2
54386,2021-04-01 09:53:00,4.5,1025.5,95,31,8.5,0.8,10072.8
58026,2021-04-01 09:53:00,2.5,1023.4,77,245,8.7,0.3,10414.6
58027,2021-04-01 09:53:00,19.4,1011.5,7,253,2.7,0.0,10310.4
58038,2021-04-01 09:53:00,25.3,1002.2,13,55,5.1,1.3,10250.3
58040,2021-04-01 09:53:00,31.4,1009.8,94,348,8.1,0.4,10034.4
58047,2021-04-01 09:53:00,34.3,1016.7,28,303,0.8,1.5,10243.0
58130,2021-04-01 09:53:00,0.6,1011.4,68,288,9.6,1.0,10098.6
58135,2021-04-01 09:53:00,24.9,1018.8,34,257,2.7,0.9,10393.3
58138,2021-04-01 09:53:00,9.6,1006.3,71,255,7.6,1.1,10238.0
58141,2021-04-01 09:53:00,8.3,1012.5,25,218,0.7,0.3,10292.5
58143,2021-04-01 09:53:00,8.2,1007.3,35,104,6.4,0.9,10252.8
58150,2021-04-01 09:53:00,13.9,1019.9,47,305,10.9,0.7,10051.1
58158,2021-04-01 09:53:00,0.7,1016.1,7,184,12.4,0.8,10242.4
58238,2021-04-01 09:53:00,13.3,1019.4,57,72,0.1,1.2,10362.9
58241,2021-04-01 09:53:00,9.3,1025.5,5,317,4.5,1.0,10179.3
58251,2021-04-01 09:53:00,14.8,1019.3,78,141,7.5,0.4,10141.9
58252,2021-04-01 09:53:00,22.1,1006.5,13,65,3.4,1.0,10374.2
58255,2021-04-01 09:53:00,12.5,1013.9,34,193,14.5,0.5,10046.2
58259,2021-04-01 09:53:00,35.0,1011.6,21,297,10.8,0.0,10234.2
58265,2021-04-01 09:53:00,19.8,1004.6,80,254,1.2,0.1,10351.9
58343,2021-04-01 09:53:00,7.0,1024.3,46,345,4.0,0.9,10005.3
58345,2021-04-01 09:53:00,19.7,1023.5,45,15,3.1,1.3,10160.9
58354,2021-04-01 09:53:00,21.5,1024.9,27,232,14.0,0.7,10194.6
58356,2021-04-01 09:53:00,19.0,1022.8,17,334,9.2,1.2,10209.6
58358,2021-04-01 09:53:00,30.2,1010.5,9,325,14.0,0.2,10435.4
57598,2021-04-01 09:53:00,12.3,1018.0,74,15,4.7,1.3,10266.2
57696,2021-04-01 09:53:00,25.2,1020.1,43,276,1.5,0.9,10226.2
57789,2021-04-01 09:53:00,21.4,1012.5,64,359,14.5,0.7,10272.5
57793,2021-04-01 09:53:00,34.2,1010.9,87,273,13.4,1.1,10029.8
57799,2021-04-01 09:53:00,3.1,1020.8,62,117,7.0,0.6,10304.0
57894,2021-04-01 09:53:00,1.0,1016.0,7,278,10.1,0.0,10095.1
57896,2021-04-01 09:53:00,3.4,1005.1,89,77,14.1,1.5,10087.8
57993,2021-04-01 09:53:00,23.9,1018.4,54,66,11.4,1.2,10274.9
58506,2021-04-01 09:53:00,4.5,1020.4,11,237,14.4,1.5,10062.7
58507,2021-04-01 09:53:00,22.9,1019.9,99,212,11.4,0.8,10059.3
58519,2021-04-01 09:53:00,29.4,1001.6,39,265,12.8,0.6,10310.3
58527,2021-04-01 09:53:00,16.8,1004.9,55,308,11.3,0.3,10397.6
58600,2021-04-01 09:53:00,5.3,1024.1,60,160,9.2,1.3,10360.7
58606,2021-04-01 09:53:00,12.5,1002.8,92,31,10.2,0.5,10265.6
58608,2021-04-01 09:53:00,7.7,1006.4,67,65,10.5,0.4,10225.7
58622,2021-04-01 09:53:00,31.8,1001.4,89,307,6.3,0.2,10238.0
58626,2021-04-01 09:53:00,30.1,1006.1,7,208,5.3,0.1,10499.1
58634,2021-04-01 09:53:00,34.9,1008.7,46,14,13.2,1.2,10131.7
58637,2021-04-01 09:53:00,33.4,1004.6,73,105,8.0,0.7,10143.0
58705,2021-04-01 09:53:00,13.6,1007.7,65,283,13.2,1.2,10282.9
58715,2021-04-01 09:53:00,14.8,1016.4,3,168,9.6,0.4,10173.0
58718,2021-04-01 09:53:00,1.8,1005.1,78,68,6.5,1.5,10048.7
58806,2021-04-01 09:53:00,14.9,1011.8,20,303,14.5,0.0,10033.4
58813,2021-04-01 09:53:00,21.3,1010.8,32,223,8.0,0.0,10376.3
59092,2021-04-01 09:53:00,0.6,1017.0,22,54,14.7,0.7,10051.6
59102,2021-04-01 09:53:00,5.5,1010.6,32,136,6.4,0.1,10203.7
54236,2021-04-01 09:53:00,18.6,1023.4,28,56,9.7,1.4,10356.3
54237,2021-04-01 09:53:00,12.5,1015.0,1,220,7.3,0.4,10355.7
54243,2021-04-01 09:53:00,12.2,1017.7,75,72,13.4,0.8,10253.0
54254,2021-04-01 09:53:00,4.5,1004.3,82,298,1.1,1.2,10184.1
54259,2021-04-01 09:53:00,15.9,1017.3,72,84,5.9,0.6,10226.1
54324,2021-04-01 09:53:00,30.7,1018.3,93,241,8.9,0.4,10393.9
54326,2021-04-01 09:53:00,17.5,1019.0,58,232,1.2,0.7,10091.1
54333,2021-04-01 09:53:00,34.6,1018.6,84,112,5.5,1.2,10245.2
54334,2021-04-01 09:53:00,22.2,1025.1,90,344,5.6,0.4,10149.0
54335,2021-04-01 09:53:00,22.7,1021.0,82,325,10.9,1.3,10241.5
54337,2021-04-01 09:53:00,8.8,1023.9,53,74,5.0,1.3,10477.7
54339,2021-04-01 09:53:00,28.5,1011.4,85,35,2.6,1.1,10320.0
54342,2021-04-01 09:53:00,13.2,1016.1,64,109,6.7,0.4,10237.6
54346,2021-04-01 09:53:00,33.4,1010.8,95,163,12.5,1.1,10467.6
54349,2021-04-01 09:53:00,13.0,1000.5,48,236,2.1,1.1,10185.4
54351,2021-04-01 09:53:00,3.9,1014.2,91,298,5.6,0.6,10299.5
54353,2021-04-01 09:53:00,9.4,1007.3,6,163,13.1,0.8,10280.0
54365,2021-04-01 09:53:00,31.9,1015.1,11,186,13.6,0.8,10319.6
54452,2021-04-01 09:53:00,21.6,1014.1,91,300,3.1,1.3,10430.4
54454,2021-04-01 09:53:00,2.1,1022.0,40,168,10.2,0.9,10241.4
54455,2021-04-01 09:53:00,33.5,1024.2,25,61,10.3,0.9,10331.5
54470,2021-04-01 09:53:00,9.0,1005.5,74,5,7.1,0.8,10443.0
54471,2021-04-01 09:53:00,1.6,1024.8,33,302,2.0,1.0,10374.6
54472,2021-04-01 09:53:00,34.0,1012.3,12,28,0.3,1.0,10363.3
54476,2021-04-01 09:53:00,14.4,1002.9,8,316,14.1,1.5,10207.9
54486,2021-04-01 09:53:00,21.2,1026.1,66,231,1.1,1.1,10303.2
54493,2021-04-01 09:53:00,30.5,1016.5,80,175,1.5,1.5,10131.4
54497,2021-04-01 09:53:00,19.5,1001.8,93,311,0.1,0.3,10046.0
54563,2021-04-01 09:53:00,30.3,1005.5,41,312,3.9,0.8,10493.7
54579,2021-04-01 09:53:00,7.7,1018.9,90,289,14.2,1.5,10002.2
54584,2021-04-01 09:53:00,7.3,1000.6,29,61,2.3,0.7,10080.6
54660,2021-04-01 09:53:00,9.2,1025.8,7,216,1.3,1.0,10313.8
54662,2021-04-01 09:53:00,22.5,1018.3,71,123,0.8,0.3,10186.2
50425,2021-04-01 09:53:00,32.5,1018.8,69,33,4.4,0.6,10338.2
50434,2021-04-01 09:53:00,12.7,1023.0,76,54,1.3,1.5,10034.4
50514,2021-04-01 09:53:00,33.7,1025.5,73,276,9.0,1.0,10471.6
50527,2021-04-01 09:53:00,14.3,1009.3,24,161,8.1,1.4,10210.0
50548,2021-04-01 09:53:00,31.9,1023.9,34,32,12.2,0.9,10469.7
50603,2021-04-01 09:53:00,11.8,1023.8,40,225,3.0,0.6,10172.6
50618,2021-04-01 09:53:00,31.7,1026.2,89,303,13.9,1.2,10185.8
50632,2021-04-01 09:53:00,26.9,1024.6,65,106,2.1,0.4,10307.8
50639,2021-04-01 09:53:00,20.2,1003.4,53,305,9.5,0.9,10198.2
50727,2021-04-01 09:53:00,8.5,1006.3,15,165,0.6,1.3,10131.6
50834,2021-04-01 09:53:00,17.5,1003.7,96,42,4.4,0.3,10449.6
50838,2021-04-01 09:53:00,7.2,1014.0,31,186,13.8,0.6,10367.9
50915,2021-04-01 09:53:00,1.9,1024.9,60,23,2.0,0.8,10387.8
50924,2021-04-01 09:53:00,17.0,1000.8,50,174,4.6,0.3,10057.5
52267,2021-04-01 09:53:00,12.8,1023.0,68,22,14.2,1.0,10241.7
52495,2021-04-01 09:53:00,30.4,1001.0,95,293,9.2,0.8,10237.2
52576,2021-04-01 09:53:00,26.4,1008.6,92,301,0.7,1.1,10051.7
53068,2021-04-01 09:53:00,5.6,1003.9,69,37,12.2,0.5,10094.2
53083,2021-04-01 09:53:00,9.2,1016.9,57,56,10.6,1.1,10302.1
53149,2021-04-01 09:53:00,18.7,1021.7,47,59,13.4,0.9,10067.2
53192,2021-04-01 09:53:00,28.0,1018.7,57,337,13.8,1.2,10254.7
53195,2021-04-01 09:53:00,23.4,1023.0,7,128,12.4,0.6,10240.3
53276,2021-04-01 09:53:00,27.4,1006.8,10,159,12.9,0.9,10189.0
53336,2021-04-01 09:53:00,17.0,1003.0,66,49,2.7,1.2,10238.6
53352,2021-04-01 09:53:00,22.4,1018.0,46,170,12.4,1.4,10433.5
53362,2021-04-01 09:53:00,6.8,1023.9,99,41,5.9,1.2,10174.7
53367,2021-04-01 09:53:00,19.8,1009.3,67,353,2.8,0.0,10390.9
53391,2021-04-01 09:53:00,15.5,1017.3,1,206,13.4,1.4,10116.1
53446,2021-04-01 09:53:00,24.6,1012.2,16,307,3.9,0.1,10050.4
53463,2021-04-01 09:53:00,19.0,1018.2,65,148,7.3,1.0,10494.5
53480,2021-04-01 09:53:00,30.3,1013.8,83,157,5.6,0.5,10222.3
53502,2021-04-01 09:53:00,2.8,1017.0,56,226,1.8,0.8,10024.0
53513,2021-04-01 09:53:00,6.9,1009.8,80,28,6.2,1.1,10315.3
53529,2021-04-01 09:53:00,22.7,1007.5,65,316,7.9,1.2,10170.7
53543,2021-04-01 09:53:00,34.7,1005.7,39,254,12.0,1.3,10472.0
53547,2021-04-01 09:53:00,11.1,1006.5,6,184,9.7,0.1,10265.2
53602,2021-04-01 09:53:00,22.1,1016.6,56,282,14.9,0.3,10316.7
54012,2021-04-01 09:53:00,7.7,1016.2,42,86,9.4,0.1,10212.4
54026,2021-04-01 09:53:00,25.7,1009.7,80,145,3.4,0.2,10167.2
54027,2021-04-01 09:53:00,34.7,1023.6,15,314,6.3,1.1,10284.3
54102,2021-04-01 09:53:00,21.8,1001.7,63,349,10.5,0.9,10250.7
54115,2021-04-01 09:53:00,5.7,1018.4,98,179,13.8,0.2,10409.9
54134,2021-04-01 09:53:00,14.0,1020.5,21,89,3.3,0.7,10456.7
54135,2021-04-01 09:53:00,6.8,1018.9,98,56,1.2,0.3,10163.3
54208,2021-04-01 09:53:00,14.1,1001.5,14,17,6.9,0.3,10308.0
54213,2021-04-01 09:53:00,21.4,1010.2,75,181,5.3,0.4,10195.5
54218,2021-04-01 09:53:00,26.8,1019.7,39,48,10.8,1.4,10259.8
54226,2021-04-01 09:53:00,10.0,1021.5,25,312,3.1,1.4,10371.0
53519,2021-04-01 09:53:00,16.7,1013.2,52,209,12.4,0.8,10080.1
53612,2021-04-01 09:53:00,9.5,1000.7,31,181,8.9,0.0,10089.1
53614,2021-04-01 09:53:00,0.4,1015.6,8,326,13.9,0.6,10425.2
53615,2021-04-01 09:53:00,20.9,1015.3,58,192,6.8,0.5,10074.1
53704,2021-04-01 09:53:00,22.6,1006.2,46,114,14.7,0.4,10497.7
53705,2021-04-01 09:53:00,34.0,1019.5,27,217,5.4,0.8,10447.3
53723,2021-04-01 09:53:00,20.7,1009.1,46,68,3.9,1.2,10377.9
53806,2021-04-01 09:53:00,12.2,1009.7,46,349,1.1,1.0,10009.2
53810,2021-04-01 09:53:00,29.3,1010.9,31,51,9.1,0.7,10439.0
53817,2021-04-01 09:53:00,33.8,1006.6,94,22,3.3,0.7,10042.3
53903,2021-04-01 09:53:00,28.7,1000.3,23,305,4.1,1.5,10404.6
53910,2021-04-01 09:53:00,32.4,1005.3,53,303,7.6,0.9,10437.0
51886,2021-04-01 09:53:00,6.4,1005.7,19,150,8.8,0.8,10000.5
52602,2021-04-01 09:53:00,17.1,1012.5,32,312,4.8,0.0,10130.6
52633,2021-04-01 09:53:00,33.1,1017.8,66,33,7.8,1.1,10329.4
52645,2021-04-01 09:53:00,15.5,1018.3,85,191,3.2,0.8,10122.4
52657,2021-04-01 09:53:00,24.4,1012.3,12,81,9.0,1.3,10325.2
52707,2021-04-01 09:53:00,10.6,1010.6,26,169,0.8,0.1,10223.3
52713,2021-04-01 09:53:00,12.8,1021.0,68,279,3.3,1.3,10283.9
52737,2021-04-01 09:53:00,26.4,1018.4,25,282,3.5,1.2,10417.0
52754,2021-04-01 09:53:00,11.0,1003.9,1,181,8.7,0.3,10114.1
52765,2021-04-01 09:53:00,21.1,1007.6,6,279,2.7,0.7,10085.3
52818,2021-04-01 09:53:00,12.9,1011.2,3,23,7.7,0.9,10350.2
52825,2021-04-01 09:53:00,30.4,1013.1,1,116,13.3,1.2,10042.3
52833,2021-04-01 09:53:00,4.8,1009.1,46,347,8.5,0.1,10261.9
52836,2021-04-01 09:53:00,2.6,1011.6,3,145,5.7,0.3,10418.0
52842,2021-04-01 09:53:00,9.5,1021.5,86,276,8.4,1.1,10195.7
52856,2021-04-01 09:53:00,8.2,1014.8,8,287,11.5,1.1,10403.9
52866,2021-04-01 09:53:00,4.7,1020.5,15,228,7.1,1.1,10198.3
52868,2021-04-01 09:53:00,16.9,1020.7,76,193,2.0,1.3,10347.1
52876,2021-04-01 09:53:00,3.0,1004.1,4,258,7.9,1.2,10042.4
52908,2021-04-01 09:53:00,0.5,1003.2,68,249,13.6,0.6,10455.9
52943,2021-04-01 09:53:00,8.4,1010.0,13,273,2.0,0.6,10357.4
52955,2021-04-01 09:53:00,20.5,1016.8,81,68,4.5,0.3,10132.1
52974,2021-04-01 09:53:00,9.6,1021.1,74,216,12.4,0.4,10092.8
56004,2021-04-01 09:53:00,21.2,1010.2,63,209,14.4,0.5,10386.4
56018,2021-04-01 09:53:00,11.0,1009.5,8,147,9.0,0.7,10153.1
56021,2021-04-01 09:53:00,24.5,1024.9,66,171,13.7,1.3,10000.7
56029,2021-04-01 09:53:00,21.6,1004.2,87,103,14.0,1.5,10262.4
56033,2021-04-01 09:53:00,0.4,1000.2,68,108,0.4,0.5,10281.4
56034,2021-04-01 09:53:00,8.7,1013.0,41,233,11.7,0.3,10390.4
56043,2021-04-01 09:53:00,28.9,1025.7,66,181,7.1,0.3,10076.1
56046,2021-04-01 09:53:00,15.3,1007.8,77,277,13.3,0.6,10326.7
56065,2021-04-01 09:53:00,34.3,1007.8,54,50,6.1,0.0,10285.4
56067,2021-04-01 09:53:00,25.2,1005.3,53,258,1.5,1.2,10497.5
56125,2021-04-01 09:53:00,6.6,1008.8,78,301,1.5,0.2,10113.1
56151,2021-04-01 09:53:00,5.2,1022.7,39,32,0.6,1.1,10491.2
54715,2021-04-01 09:53:00,3.5,1015.1,3,216,10.5,1.5,10488.5
54725,2021-04-01 09:53:00,5.9,1023.4,71,5,3.2,1.4,10409.6
54727,2021-04-01 09:53:00,10.4,1019.7,61,231,6.0,1.3,10430.4
54744,2021-04-01 09:53:00,12.8,1002.6,39,117,0.9,0.1,10407.4
54751,2021-04-01 09:53:00,13.3,1025.1,23,130,2.7,1.3,10005.3
54753,2021-04-01 09:53:00,4.3,1012.4,38,12,6.6,1.5,10496.3
54764,2021-04-01 09:53:00,15.9,1012.7,47,228,5.1,1.4,10228.4
54774,2021-04-01 09:53:00,23.4,1001.0,57,351,2.8,1.4,10231.4
54776,2021-04-01 09:53:00,10.1,1003.0,82,178,7.1,0.4,10270.8
54808,2021-04-01 09:53:00,13.2,1008.8,100,245,6.9,1.2,10392.4
54823,2021-04-01 09:53:00,6.9,1010.6,81,346,13.0,1.4,10054.8
54826,2021-04-01 09:53:00,7.3,1023.9,70,134,3.1,0.1,10499.8
54836,2021-04-01 09:53:00,21.2,1020.4,47,89,9.9,0.4,10239.5
54842,2021-04-01 09:53:00,0.4,1003.9,29,44,1.9,1.5,10380.2
54843,2021-04-01 09:53:00,11.8,1002.0,48,96,1.3,0.7,10226.6
54857,2021-04-01 09:53:00,34.1,1015.0,1,196,8.9,0.1,10483.7
54863,2021-04-01 09:53:00,21.3,1025.2,58,82,7.1,0.3,10355.9
54909,2021-04-01 09:53:00,28.2,1023.3,43,77,11.9,1.4,10019.3
54916,2021-04-01 09:53:00,27.0,1004.6,32,279,11.7,0.6,10432.6
54929,2021-04-01 09:53:00,23.9,1001.5,70,266,1.5,0.1,10010.3
54936,2021-04-01 09:53:00,20.8,1006.0,26,149,8.7,1.0,10425.4
54945,2021-04-01 09:53:00,33.6,1016.5,47,275,2.3,0.9,10329.8
58034,2021-04-01 09:53:00,18.6,1016.6,55,85,6.5,1.3,10124.9
53478,2021-04-01 09:53:00,19.4,1000.7,20,206,12.7,0.4,10460.3
53487,2021-04-01 09:53:00,9.3,1025.4,100,74,5.0,0.8,10104.5
53490,2021-04-01 09:53:00,9.3,1002.9,48,70,10.1,0.1,10414.7
53564,2021-04-01 09:53:00,10.4,1016.2,70,11,9.6,0.3,10036.5
53578,2021-04-01 09:53:00,26.3,1000.0,74,5,8.0,0.1,10198.2
53579,2021-04-01 09:53:00,28.3,1024.0,57,34,4.5,1.1,10112.6
53588,2021-04-01 09:53:00,24.0,1001.6,45,216,4.2,1.1,10331.7
53594,2021-04-01 09:53:00,27.5,1008.1,76,110,2.1,0.1,10077.3
53663,2021-04-01 09:53:00,33.9,1001.7,3,240,13.5,0.8,10369.3
53664,2021-04-01 09:53:00,34.7,1021.8,41,54,11.0,1.2,10392.1
53673,2021-04-01 09:53:00,6.9,1002.0,42,84,3.9,0.9,10390.8
53687,2021-04-01 09:53:00,29.5,1015.8,84,337,6.7,1.1,10240.4
53764,2021-04-01 09:53:00,31.9,1008.8,45,17,3.0,0.3,10072.3
53772,2021-04-01 09:53:00,6.9,1023.0,67,342,10.0,1.4,10111.4
53775,2021-04-01 09:53:00,31.8,1005.4,91,28,11.6,0.3,10276.2
53787,2021-04-01 09:53:00,18.3,1015.1,18,191,0.1,0.9,10371.2
53853,2021-04-01 09:53:00,5.9,1024.4,72,306,2.4,1.5,10111.2
53859,2021-04-01 09:53:00,34.2,1011.7,53,302,8.9,0.2,10118.1
53863,2021-04-01 09:53:00,25.6,1011.6,14,204,4.2,0.7,10288.7
53868,2021-04-01 09:53:00,24.2,1022.4,49,28,1.0,1.4,10020.4
53877,2021-04-01 09:53:00,35.0,1020.1,32,140,3.7,0.2,10089.3
53882,2021-04-01 09:53:00,19.3,1023.2,51,355,13.2,1.4,10108.1
53884,2021-04-01 09:53:00,4.2,1017.5,47,155,10.8,0.7,10494.1
53959,2021-04-01 09:53:00,24.9,1025.5,44,68,0.6,1.5,10392.2
53963,2021-04-01 09:53:00,26.5,1020.6,88,147,13.4,0.6,10042.2
53968,2021-04-01 09:53:00,22.2,1003.7,47,82,4.0,0.0,10168.4
53975,2021-04-01 09:53:00,20.9,1002.2,40,287,12.9,1.3,10098.0
57052,2021-04-01 09:53:00,0.3,1003.7,86,207,11.4,0.0,10394.0
53646,2021-04-01 09:53:00,26.4,1023.4,77,16,3.7,0.8,10192.2
53651,2021-04-01 09:53:00,34.0,1017.6,76,193,1.1,0.1,10497.1
53725,2021-04-01 09:53:00,24.0,1017.1,27,87,2.5,0.9,10008.3
53735,2021-04-01 09:53:00,15.8,1000.8,42,24,5.2,1.0,10007.7
53738,2021-04-01 09:53:00,20.5,1007.4,85,46,3.5,0.0,10130.8
53740,2021-04-01 09:53:00,4.3,1026.3,90,266,1.7,1.2,10043.1
53754,2021-04-01 09:53:00,19.3,1009.2,21,71,5.8,1.0,10364.1
53845,2021-04-01 09:53:00,6.3,1006.5,85,21,7.0,1.3,10413.4
53854,2021-04-01 09:53:00,27.2,1013.1,22,70,1.5,0.9,10436.1
53929,2021-04-01 09:53:00,32.7,1019.8,3,46,14.8,1.2,10275.3
53942,2021-04-01 09:53:00,7.0,1006.3,70,335,4.6,0.5,10115.1
53948,2021-04-01 09:53:00,30.0,1025.4,89,210,10.4,0.1,10467.7
53955,2021-04-01 09:53:00,3.2,1002.7,70,131,5.8,1.0,10420.7
57003,2021-04-01 09:53:00,14.3,1005.1,71,47,11.6,0.1,10209.0
57025,2021-04-01 09:53:00,20.7,1021.2,84,242,7.5,1.2,10261.2
57028,2021-04-01 09:53:00,10.1,1015.3,9,240,13.2,1.2,10339.4
57030,2021-04-01 09:53:00,30.9,1010.1,55,215,7.4,1.5,10419.7
57034,2021-04-01 09:53:00,24.1,1009.2,62,340,6.3,1.1,10132.1
57037,2021-04-01 09:53:00,5.4,1014.1,98,316,2.3,0.0,10439.9
57046,2021-04-01 09:53:00,33.1,1014.4,60,234,7.9,1.5,10331.6
57048,2021-04-01 09:53:00,33.5,1005.3,30,184,4.1,1.5,10062.8
57049,2021-04-01 09:53:00,19.1,1025.7,91,352,2.9,1.5,10432.3
57106,2021-04-01 09:53:00,27.4,1003.0,4,256,4.1,0.9,10448.4
57124,2021-04-01 09:53:00,26.7,1022.8,3,328,2.0,1.0,10399.8
57127,2021-04-01 09:53:00,19.6,1004.3,54,145,10.1,0.2,10171.2
57131,2021-04-01 09:53:00,11.4,1009.9,41,332,8.1,0.3,10283.2
57134,2021-04-01 09:53:00,7.7,1003.9,29,187,2.1,0.8,10140.1
57140,2021-04-01 09:53:00,11.1,1000.2,57,142,7.2,1.1,10465.3
57143,2021-04-01 09:53:00,33.6,1013.7,97,236,6.0,0.5,10143.2
57144,2021-04-01 09:53:00,7.6,1024.0,35,19,10.4,0.6,10487.9
57154,2021-04-01 09:53:00,32.4,1022.4,89,310,4.4,0.4,10289.1
57211,2021-04-01 09:53:00,3.8,1023.4,42,30,9.3,1.4,10266.8
57232,2021-04-01 09:53:00,14.8,1014.8,67,160,9.0,1.1,10361.0
57238,2021-04-01 09:53:00,21.4,1023.1,22,56,0.2,0.7,10432.7
57245,2021-04-01 09:53:00,14.6,1019.4,52,336,9.3,1.5,10430.3
57343,2021-04-01 09:53:00,9.0,1005.1,56,37,6.6,0.5,10411.1
58362,2021-04-01 09:53:00,9.0,1011.9,53,317,11.2,1.0,10210.4
56038,2021-04-01 09:53:00,15.1,1011.3,99,14,5.2,1.2,10298.2
56079,2021-04-01 09:53:00,17.7,1006.4,51,62,6.3,0.5,10417.9
56144,2021-04-01 09:53:00,22.1,1019.7,9,68,10.6,1.2,10440.5
56146,2021-04-01 09:53:00,32.5,1016.8,98,53,6.2,0.5,10242.9
56152,2021-04-01 09:53:00,32.4,1020.9,50,338,0.5,0.3,10089.2
56167,2021-04-01 09:53:00,23.5,1025.6,56,313,10.1,0.2,10417.7
56172,2021-04-01 09:53:00,16.5,1010.6,91,357,0.6,1.0,10281.2
56173,2021-04-01 09:53:00,9.4,1001.2,36,284,7.5,0.8,10391.9
56178,2021-04-01 09:53:00,12.8,1002.8,81,243,10.3,0.5,10349.1
56182,2021-04-01 09:53:00,16.3,1020.4,27,29,10.2,1.3,10122.8
56187,2021-04-01 09:53:00,5.0,1007.6,14,232,0.3,1.1,10295.9
56188,2021-04-01 09:53:00,30.6,1012.7,28,263,1.6,1.1,10032.5
56196,2021-04-01 09:53:00,9.5,1008.0,77,311,3.1,0.1,10246.9
56247,2021-04-01 09:53:00,33.8,1010.3,89,256,11.9,0.6,10012.1
56251,2021-04-01 09:53:00,5.7,1009.8,4,267,3.9,0.0,10250.9
56257,2021-04-01 09:53:00,15.1,1008.5,2,5,7.4,0.8,10005.8
56287,2021-04-01 09:53:00,22.5,1009.3,88,122,9.1,1.2,10088.8
56357,2021-04-01 09:53:00,3.2,1005.8,14,278,6.3,1.3,10094.6
56374,2021-04-01 09:53:00,27.1,1009.1,24,67,1.4,0.6,10342.5
56385,2021-04-01 09:53:00,9.0,1000.2,39,350,6.4,0.3,10456.4
56386,2021-04-01 09:53:00,12.9,1002.4,37,139,1.5,1.5,10115.6
56459,2021-04-01 09:53:00,21.7,1011.4,80,78,1.4,0.4,10195.6
56462,2021-04-01 09:53:00,25.2,1025.6,95,343,1.2,1.3,10280.2
56475,2021-04-01 09:53:00,32.0,1021.5,61,41,3.9,1.0,10269.0
56479,2021-04-01 09:53:00,16.5,1023.4,40,24,5.9,1.1,10290.3
56485,2021-04-01 09:53:00,25.7,1009.5,42,22,14.0,0.0,10350.9
56492,2021-04-01 09:53:00,11.6,1004.7,1,314,1.3,1.0,10204.1
56565,2021-04-01 09:53:00,19.3,1023.0,24,43,1.2,1.2,10250.0
56571,2021-04-01 09:53:00,16.2,1013.2,21,199,7.2,0.7,10129.9
56666,2021-04-01 09:53:00,15.6,1023.3,32,69,8.8,1.2,10275.5
56671,2021-04-01 09:53:00,15.7,1021.2,4,337,11.4,1.5,10377.2
57206,2021-04-01 09:53:00,0.1,1014.1,74,174,6.6,0.8,10125.5
57237,2021-04-01 09:53:00,28.8,1003.5,94,61,1.5,0.9,10153.3
57306,2021-04-01 09:53:00,15.4,1014.1,98,292,6.4,0.0,10148.3
57313,2021-04-01 09:53:00,18.0,1019.5,25,65,5.2,0.3,10057.3
57314,2021-04-01 09:53:00,22.9,1018.4,99,165,3.5,0.3,10488.1
57328,2021-04-01 09:53:00,17.0,1010.9,57,141,5.2,0.1,10181.3
57405,2021-04-01 09:53:00,34.1,1022.7,4,18,4.3,1.2,10313.3
57411,2021-04-01 09:53:00,27.0,1017.3,64,133,4.0,1.1,10212.7
57503,2021-04-01 09:53:00,4.4,1025.1,74,280,5.0,1.5,10283.6
57604,2021-04-01 09:53:00,18.8,1017.4,5,230,11.5,1.2,10156.8
57608,2021-04-01 09:53:00,15.9,1006.5,34,248,3.2,1.3,10262.7
54525,2021-04-01 09:53:00,2.9,1020.3,29,146,2.8,1.5,10360.4
54527,2021-04-01 09:53:00,4.7,1010.5,2,332,14.8,1.4,10342.6
54623,2021-04-01 09:53:00,12.4,1017.7,30,267,14.3,0.9,10465.3
55228,2021-04-01 09:53:00,14.6,1005.2,1,170,1.3,0.2,10040.7
55248,2021-04-01 09:53:00,3.1,1025.2,18,15,2.0,1.4,10270.3
55279,2021-04-01 09:53:00,32.0,1009.9,65,311,2.2,1.4,10241.4
55294,2021-04-01 09:53:00,12.5,1001.4,9,113,9.4,0.2,10034.7
55299,2021-04-01 09:53:00,3.9,1018.3,91,30,2.1,1.0,10354.9
55437,2021-04-01 09:53:00,5.9,1011.8,53,63,0.7,0.9,10316.6
55472,2021-04-01 09:53:00,26.6,1018.5,73,91,10.7,0.1,10135.9
55493,2021-04-01 09:53:00,3.3,1002.7,87,149,0.1,1.5,10000.1
55569,2021-04-01 09:53:00,23.6,1005.5,36,175,0.8,0.9,10112.0
55578,2021-04-01 09:53:00,19.2,1008.6,19,17,5.2,1.0,10449.7
55585,2021-04-01 09:53:00,16.1,1024.0,13,319,5.7,0.0,10307.8
55591,2021-04-01 09:53:00,11.0,1014.8,26,285,13.0,1.1,10332.4
55598,2021-04-01 09:53:00,33.1,1002.0,70,9,9.7,0.4,10167.6
55655,2021-04-01 09:53:00,34.6,1017.0,3,277,10.7,1.2,10424.4
55664,2021-04-01 09:53:00,34.5,1018.8,9,180,3.3,0.8,10268.8
55680,2021-04-01 09:53:00,5.2,1016.1,35,127,3.2,0.3,10439.7
55681,2021-04-01 09:53:00,18.0,1002.0,52,158,3.7,0.1,10036.9
55690,2021-04-01 09:53:00,34.8,1013.9,97,181,1.7,1.4,10017.1
55696,2021-04-01 09:53:00,26.0,1014.3,38,117,11.6,0.1,10052.5
55773,2021-04-01 09:53:00,25.5,1018.4,70,163,7.6,1.2,10332.4
56106,2021-04-01 09:53:00,9.9,1025.0,8,142,4.0,1.4,10395.8
56116,2021-04-01 09:53:00,15.0,1007.1,2,325,6.3,1.3,10388.4
56137,2021-04-01 09:53:00,32.6,1004.5,89,316,7.3,0.6,10025.0
56202,2021-04-01 09:53:00,32.7,1000.5,3,22,9.5,0.0,10360.5
56223,2021-04-01 09:53:00,15.4,1026.3,41,271,4.5,0.3,10459.6
56227,2021-04-01 09:53:00,29.7,1006.2,27,186,4.1,0.7,10020.3
56312,2021-04-01 09:53:00,2.9,1013.9,90,326,2.9,0.5,10294.7
56331,2021-04-01 09:53:00,8.5,1002.7,40,313,13.3,1.3,10359.7
56434,2021-04-01 09:53:00,10.9,1013.5,25,263,14.3,0.4,10128.8
51053,2021-04-01 09:53:00,3.6,1004.8,92,207,7.3,1.4,10384.4
51059,2021-04-01 09:53:00,9.0,1001.1,29,0,8.0,0.9,10273.6
51060,2021-04-01 09:53:00,13.1,1011.3,53,315,5.6,0.3,10140.9
51068,2021-04-01 09:53:00,13.6,1017.9,48,281,5.0,1.2,10408.5
51076,2021-04-01 09:53:00,13.4,1012.8,63,276,10.2,0.9,10195.1
51087,2021-04-01 09:53:00,2.6,1013.2,13,123,2.9,1.2,10104.7
51133,2021-04-01 09:53:00,2.9,1005.3,22,323,1.2,0.1,10134.9
51156,2021-04-01 09:53:00,14.7,1025.8,52,83,0.2,0.6,10030.8
51186,2021-04-01 09:53:00,10.7,1024.7,13,170,11.1,0.2,10279.3
51232,2021-04-01 09:53:00,15.7,1019.3,55,12,6.1,1.4,10094.2
51238,2021-04-01 09:53:00,0.4,1022.6,51,303,2.4,1.1,10352.5
51241,2021-04-01 09:53:00,34.3,1023.8,18,290,1.8,1.2,10103.3
51243,2021-04-01 09:53:00,1.5,1026.3,10,87,9.1,1.3,10357.0
51288,2021-04-01 09:53:00,21.1,1016.4,68,107,13.3,0.9,10156.0
51330,2021-04-01 09:53:00,34.5,1020.9,47,358,10.7,0.8,10071.5
51334,2021-04-01 09:53:00,5.1,1008.1,73,24,2.1,0.1,10381.2
51346,2021-04-01 09:53:00,9.0,1019.9,61,51,2.9,0.1,10214.8
51358,2021-04-01 09:53:00,34.8,1018.5,20,44,14.6,0.3,10076.1
51365,2021-04-01 09:53:00,0.4,1018.4,55,7,10.8,0.4,10401.1
51367,2021-04-01 09:53:00,20.6,1022.0,12,339,2.1,1.1,10360.3
51379,2021-04-01 09:53:00,34.2,1002.4,10,261,8.3,0.5,10452.0
51431,2021-04-01 09:53:00,17.0,1002.3,84,285,14.0,0.7,10138.3
51433,2021-04-01 09:53:00,34.1,1003.4,6,310,10.8,0.7,10430.8
51437,2021-04-01 09:53:00,18.1,1022.4,68,34,11.4,0.6,10496.4
51463,2021-04-01 09:53:00,14.5,1013.1,61,350,3.5,1.4,10163.2
51467,2021-04-01 09:53:00,18.8,1009.1,10,86,3.6,0.0,10213.9
51469,2021-04-01 09:53:00,32.6,1016.9,86,245,4.3,1.4,10113.2
51470,2021-04-01 09:53:00,3.3,1013.8,37,331,11.7,0.3,10100.5
51477,2021-04-01 09:53:00,2.3,1018.8,44,330,9.6,0.3,10334.5
51495,2021-04-01 09:53:00,12.0,1012.5,17,45,11.9,0.1,10224.4
51526,2021-04-01 09:53:00,32.0,1007.0,16,152,1.9,1.2,10182.0
51542,2021-04-01 09:53:00,31.6,1026.2,37,259,14.8,0.0,10280.2
51567,2021-04-01 09:53:00,6.4,1004.5,100,339,1.3,1.4,10361.9
51573,2021-04-01 09:53:00,25.2,1012.5,27,255,2.7,0.2,10244.6
51581,2021-04-01 09:53:00,26.6,1020.3,46,144,3.8,0.0,10329.3
51628,2021-04-01 09:53:00,12.7,1016.3,38,74,0.5,0.5,10297.9
51633,2021-04-01 09:53:00,26.5,1007.9,36,321,2.9,1.5,10022.3
51639,2021-04-01 09:53:00,24.8,1002.8,47,167,13.3,0.8,10283.8
51642,2021-04-01 09:53:00,18.6,1016.4,8,299,8.4,0.4,10177.8
51644,2021-04-01 09:53:00,6.3,1020.5,52,164,2.8,0.8,10236.0
51655,2021-04-01 09:53:00,2.2,1003.0,57,81,11.7,1.5,10413.7
51656,2021-04-01 09:53:00,11.1,1023.0,87,323,11.4,0.0,10202.7
51701,2021-04-01 09:53:00,21.2,1018.6,10,54,12.3,1.2,10161.1
51704,2021-04-01 09:53:00,14.7,1009.1,90,22,8.6,0.9,10006.7
51705,2021-04-01 09:53:00,30.9,1024.8,29,169,0.1,0.4,10037.9
51709,2021-04-01 09:53:00,21.7,1014.8,5,166,6.0,1.1,10304.4
51711,2021-04-01 09:53:00,31.3,1014.7,17,218,3.4,0.5,10412.4
51716,2021-04-01 09:53:00,1.4,1016.4,19,296,6.5,0.0,10106.3
51720,2021-04-01 09:53:00,23.8,1012.8,69,257,8.8,0.1,10208.2
51730,2021-04-01 09:53:00,11.6,1016.0,10,259,6.5,0.1,10367.0
51747,2021-04-01 09:53:00,0.6,1010.1,93,202,3.4,0.0,10058.2
51765,2021-04-01 09:53:00,1.8,1016.1,26,59,13.0,1.5,10362.6
51777,2021-04-01 09:53:00,33.0,1025.3,99,188,0.6,0.2,10314.8
51804,2021-04-01 09:53:00,29.9,1025.4,32,116,5.5,1.2,10094.1
51810,2021-04-01 09:53:00,0.9,1018.1,79,238,1.4,1.4,10288.9
51811,2021-04-01 09:53:00,18.4,1020.5,34,310,11.6,1.0,10373.6
51818,2021-04-01 09:53:00,4.9,1000.9,50,343,10.7,0.7,10180.3
51828,2021-04-01 09:53:00,32.7,1008.4,9,21,3.9,0.8,10417.6
51839,2021-04-01 09:53:00,14.3,1003.9,50,296,9.0,1.1,10152.0
51855,2021-04-01 09:53:00,34.0,1015.4,69,47,13.2,1.3,10034.1
51931,2021-04-01 09:53:00,16.7,1026.4,84,217,11.8,1.2,10332.1
52101,2021-04-01 09:53:00,26.5,1015.8,37,293,0.3,1.2,10477.2
52112,2021-04-01 09:53:00,23.2,1017.1,57,240,7.1,1.3,10083.7
52118,2021-04-01 09:53:00,32.1,1001.8,76,40,13.4,1.5,10473.6
52203,2021-04-01 09:53:00,28.4,1015.9,63,207,6.3,0.5,10418.7
52313,2021-04-01 09:53:00,7.4,1017.5,9,330,1.3,1.2,10472.5
56444,2021-04-01 09:53:00,32.9,1009.1,11,12,2.9,0.6,10102.6
56533,2021-04-01 09:53:00,19.7,1019.9,62,186,5.9,0.4,10039.8
56543,2021-04-01 09:53:00,7.6,1005.2,71,10,3.1,0.8,10218.5
56548,2021-04-01 09:53:00,16.4,1017.0,94,101,1.0,0.1,10138.0
56586,2021-04-01 09:53:00,32.7,1016.0,100,144,14.3,0.2,10352.3
56643,2021-04-01 09:53:00,13.0,1023.3,62,355,0.2,0.6,10417.2
56651,2021-04-01 09:53:00,32.2,1024.5,84,217,4.4,1.0,10166.7
56664,2021-04-01 09:53:00,13.9,1008.8,97,85,2.0,0.5,10300.1
56684,2021-04-01 09:53:00,34.8,1024.1,3,278,9.6,0.1,10113.1
56739,2021-04-01 09:53:00,21.9,1024.3,63,96,14.4,0.3,10365.6
56748,2021-04-01 09:53:00,15.3,1015.4,37,170,6.2,1.5,10105.9
56751,2021-04-01 09:53:00,4.0,1000.2,87,234,6.6,0.2,10268.4
56763,2021-04-01 09:53:00,26.3,1023.5,71,349,12.1,1.2,10480.3
56768,2021-04-01 09:53:00,31.2,1022.0,34,133,14.1,0.3,10019.9
56778,2021-04-01 09:53:00,0.3,1008.6,73,93,2.2,0.0,10399.3
56786,2021-04-01 09:53:00,30.0,1019.2,15,303,5.9,0.0,10481.3
56838,2021-04-01 09:53:00,5.0,1021.1,41,114,1.1,1.0,10330.5
56856,2021-04-01 09:53:00,17.3,1001.4,15,177,6.2,0.3,10057.4
56872,2021-04-01 09:53:00,17.3,1007.4,53,210,11.7,1.2,10175.2
56875,2021-04-01 09:53:00,26.9,1014.5,20,306,1.7,0.1,10074.4
56886,2021-04-01 09:53:00,6.4,1014.6,99,284,7.2,0.3,10415.1
56946,2021-04-01 09:53:00,10.6,1026.3,6,133,9.0,1.5,10376.7
56950,2021-04-01 09:53:00,19.7,1006.6,5,197,1.0,0.8,10329.3
56951,2021-04-01 09:53:00,24.5,1023.6,71,260,11.6,0.5,10307.4
56954,2021-04-01 09:53:00,11.3,1006.7,17,141,6.5,0.2,10123.6
56959,2021-04-01 09:53:00,26.4,1025.4,88,235,6.3,1.2,10390.0
56964,2021-04-01 09:53:00,20.7,1012.6,35,87,2.9,0.3,10412.1
56966,2021-04-01 09:53:00,23.2,1000.5,12,340,7.8,0.1,10086.1
56969,2021-04-01 09:53:00,10.8,1009.5,39,41,0.2,0.6,10050.2
56977,2021-04-01 09:53:00,17.8,1016.3,13,316,8.2,0.8,10169.3
56985,2021-04-01 09:53:00,2.0,1012.2,37,200,10.6,1.5,10328.8
56986,2021-04-01 09:53:00,8.1,1016.5,24,347,0.7,1.4,10210.1
56991,2021-04-01 09:53:00,33.8,1014.0,92,264,4.5,0.6,10000.6
59007,2021-04-01 09:53:00,18.9,1016.1,62,68,11.1,0.1,10190.6
58448,2021-04-01 09:53:00,16.5,1016.5,13,293,2.0,0.1,10328.2
58450,2021-04-01 09:53:00,19.6,1014.2,6,43,13.2,0.9,10454.4
58457,2021-04-01 09:53:00,13.7,1014.7,43,149,13.7,1.4,10415.5
58464,2021-04-01 09:53:00,9.8,1009.4,33,123,0.2,0.9,10010.4
58467,2021-04-01 09:53:00,28.3,1024.0,29,322,14.8,0.0,10457.9
58472,2021-04-01 09:53:00,21.7,1021.1,6,8,6.3,0.3,10316.8
58477,2021-04-01 09:53:00,13.9,1025.7,7,131,6.1,0.9,10239.2
58543,2021-04-01 09:53:00,13.6,1002.8,87,313,14.9,1.4,10005.9
58549,2021-04-01 09:53:00,15.5,1020.8,21,249,8.6,1.2,10262.9
58553,2021-04-01 09:53:00,8.7,1014.8,92,304,8.4,0.8,10447.6
58556,2021-04-01 09:53:00,6.2,1015.7,16,147,10.1,1.4,10360.3
58557,2021-04-01 09:53:00,2.5,1001.3,12,294,5.6,0.5,10301.6
58562,2021-04-01 09:53:00,3.2,1012.5,17,340,13.3,0.9,10183.0
58569,2021-04-01 09:53:00,29.1,1013.4,14,243,13.4,1.2,10368.6
58633,2021-04-01 09:53:00,9.1,1001.6,12,81,1.0,0.7,10262.6
58646,2021-04-01 09:53:00,33.5,1023.1,12,259,7.4,0.2,10348.1
58652,2021-04-01 09:53:00,3.2,1000.8,93,251,4.5,0.5,10366.7
58665,2021-04-01 09:53:00,29.3,1015.0,86,60,8.9,1.5,10390.2
58666,2021-04-01 09:53:00,29.9,1018.0,16,255,5.8,0.7,10231.4
58667,2021-04-01 09:53:00,16.2,1014.8,41,225,11.1,0.7,10415.3
58742,2021-04-01 09:53:00,3.8,1017.2,10,329,5.3,1.3,10331.9
58752,2021-04-01 09:53:00,14.6,1008.4,64,59,11.4,0.1,10450.9
58760,2021-04-01 09:53:00,31.8,1003.5,89,210,5.7,0.3,10395.2
57348,2021-04-01 09:53:00,2.3,1006.4,46,237,9.2,0.5,10038.4
57426,2021-04-01 09:53:00,29.3,1018.4,39,50,11.6,0.7,10075.4
57432,2021-04-01 09:53:00,24.8,1010.7,72,260,11.7,0.3,10247.6
57502,2021-04-01 09:53:00,28.2,1023.8,32,195,3.8,1.5,10333.1
57512,2021-04-01 09:53:00,30.0,1012.5,95,323,0.9,1.5,10224.6
57516,2021-04-01 09:53:00,10.6,1003.4,75,57,1.8,0.0,10278.8
57517,2021-04-01 09:53:00,19.5,1004.8,12,48,11.6,1.5,10114.3
57520,2021-04-01 09:53:00,28.7,1018.2,32,74,6.0,1.1,10160.6
57523,2021-04-01 09:53:00,1.2,1016.9,20,177,1.1,0.2,10194.4
57536,2021-04-01 09:53:00,17.2,1016.2,14,17,13.8,1.2,10091.8
57612,2021-04-01 09:53:00,12.9,1020.9,87,305,1.8,1.4,10353.1
57633,2021-04-01 09:53:00,32.0,1016.8,86,67,10.7,0.0,10071.2
