58015,2021-04-01 10:16:00,12.0,1007.6,15,79,0.4,0.1,10334.5
58102,2021-04-01 10:16:00,24.3,1022.5,81,158,13.9,1.1,10474.8
58118,2021-04-01 10:16:00,14.1,1019.0,23,136,10.9,1.1,10410.4
58122,2021-04-01 10:16:00,13.5,1012.8,88,24,13.4,1.3,10322.8
58203,2021-04-01 10:16:00,10.1,1017.9,57,213,1.3,1.4,10399.1
58215,2021-04-01 10:16:00,29.9,1011.8,47,225,11.8,1.5,10115.5
58221,2021-04-01 10:16:00,22.8,1014.5,34,332,9.2,1.1,10358.8
58225,2021-04-01 10:16:00,1.9,1011.1,98,305,9.5,0.0,10290.3
58236,2021-04-01 10:16:00,5.6,1008.6,86,319,5.6,0.2,10069.4
58311,2021-04-01 10:16:00,7.5,1013.9,18,318,4.2,1.1,10311.7
58314,2021-04-01 10:16:00,23.0,1010.0,80,252,13.2,0.8,10111.5
58319,2021-04-01 10:16:00,32.7,1012.6,85,119,2.7,0.9,10495.7
58321,2021-04-01 10:16:00,10.2,1006.4,94,95,7.1,1.1,10242.6
58326,2021-04-01 10:16:00,16.1,1022.0,60,270,8.9,1.2,10358.6
58336,2021-04-01 10:16:00,3.7,1019.5,76,186,3.2,0.2,10418.6
58338,2021-04-01 10:16:00,11.8,1001.5,47,202,14.3,0.3,10278.4
58414,2021-04-01 10:16:00,5.4,1013.4,6,127,3.6,1.0,10094.7
58419,2021-04-01 10:16:00,33.2,1004.3,23,248,5.8,0.9,10051.0
58424,2021-04-01 10:16:00,0.5,1014.0,83,166,5.2,1.3,10036.2
58429,2021-04-01 10:16:00,34.3,1023.4,56,263,13.6,0.5,10174.1
58436,2021-04-01 10:16:00,6.4,1019.7,19,143,4.9,1.1,10357.7
58437,2021-04-01 10:16:00,11.5,1019.3,58,184,1.3,1.1,10132.0
58520,2021-04-01 10:16:00,25.6,1006.5,75,54,7.5,0.0,10479.9
58531,2021-04-01 10:16:00,26.6,1022.5,97,105,8.1,0.3,10495.7
54406,2021-04-01 10:16:00,30.2,1025.0,19,40,8.9,1.3,10166.0
54416,2021-04-01 10:16:00,0.0,1001.1,58,313,14.6,1.1,10021.2
54511,2021-04-01 10:16:00,9.7,1021.1,2,344,6.1,1.5,10183.9
58725,2021-04-01 10:16:00,21.8,1012.6,23,239,9.7,1.4,10161.7
58730,2021-04-01 10:16:00,4.3,1018.2,59,298,12.7,1.2,10432.0
58731,2021-04-01 10:16:00,29.7,1009.7,6,107,13.4,1.5,10089.7
58734,2021-04-01 10:16:00,13.4,1012.5,99,42,12.8,0.7,10244.1
58737,2021-04-01 10:16:00,27.8,1022.2,37,242,5.8,1.0,10240.5
58744,2021-04-01 10:16:00,6.6,1000.9,40,198,0.1,0.5,10045.8
58754,2021-04-01 10:16:00,27.6,1012.5,40,58,14.5,0.4,10339.6
58818,2021-04-01 10:16:00,31.8,1022.1,87,101,14.1,0.8,10302.8
58820,2021-04-01 10:16:00,14.8,1008.0,35,226,6.2,0.3,10231.0
58834,2021-04-01 10:16:00,3.8,1016.1,3,192,11.2,0.9,10212.8
58837,2021-04-01 10:16:00,12.0,1024.5,64,135,1.8,0.2,10075.5
58843,2021-04-01 10:16:00,24.4,1021.0,52,344,11.2,0.9,10083.6
58846,2021-04-01 10:16:00,24.8,1011.3,14,117,6.1,0.8,10129.2
58847,2021-04-01 10:16:00,24.4,1022.6,97,100,10.4,1.0,10321.5
58911,2021-04-01 10:16:00,26.5,1013.5,8,232,13.2,0.2,10224.7
58918,2021-04-01 10:16:00,10.8,1000.9,27,253,7.5,0.1,10316.8
58921,2021-04-01 10:16:00,25.6,1009.0,16,252,9.0,0.8,10016.7
58926,2021-04-01 10:16:00,21.8,1015.3,18,229,10.1,1.3,10222.2
58927,2021-04-01 10:16:00,19.4,1016.7,15,115,0.4,0.2,10114.3
58931,2021-04-01 10:16:00,26.9,1015.4,40,9,6.9,1.3,10201.5
58933,2021-04-01 10:16:00,33.3,1015.8,13,121,1.0,1.5,10062.3
58936,2021-04-01 10:16:00,25.1,1012.9,48,236,4.0,0.9,10033.3
58944,2021-04-01 10:16:00,2.4,1001.2,67,279,4.4,0.1,10156.1
59113,2021-04-01 10:16:00,17.5,1012.7,35,49,10.1,0.9,10077.3
59126,2021-04-01 10:16:00,0.5,1011.6,85,156,3.6,1.2,10017.0
59133,2021-04-01 10:16:00,25.0,1025.7,76,78,13.9,1.0,10409.7
59134,2021-04-01 10:16:00,17.1,1005.6,92,94,12.4,0.6,10141.8
59321,2021-04-01 10:16:00,12.1,1007.8,1,43,0.0,1.4,10394.8
52323,2021-04-01 10:16:00,14.7,1002.7,95,234,0.3,1.4,10415.3
52418,2021-04-01 10:16:00,19.6,1016.4,93,77,0.8,0.7,10387.8
52424,2021-04-01 10:16:00,21.0,1006.8,43,100,3.5,0.9,10365.1
52436,2021-04-01 10:16:00,3.1,1004.0,82,303,4.0,0.9,10037.3
52446,2021-04-01 10:16:00,34.3,1010.5,71,66,3.4,1.2,10374.7
52447,2021-04-01 10:16:00,18.2,1017.7,15,180,7.6,1.4,10019.1
52533,2021-04-01 10:16:00,18.3,1019.0,5,14,1.9,1.0,10387.3
52546,2021-04-01 10:16:00,28.3,1007.4,22,107,2.9,0.6,10180.8
52652,2021-04-01 10:16:00,28.9,1009.1,10,162,10.8,0.3,10269.4
52661,2021-04-01 10:16:00,6.4,1021.8,81,111,4.5,1.1,10200.7
52674,2021-04-01 10:16:00,19.1,1019.1,81,309,2.7,0.8,10081.2
52679,2021-04-01 10:16:00,34.1,1024.8,59,354,1.7,1.1,10352.2
52681,2021-04-01 10:16:00,28.7,1025.9,76,108,7.2,1.2,10315.2
52787,2021-04-01 10:16:00,30.3,1020.8,92,194,11.6,1.2,10306.8
52797,2021-04-01 10:16:00,0.0,1017.4,69,108,12.2,0.8,10387.9
52884,2021-04-01 10:16:00,0.9,1016.1,42,269,1.9,1.1,10034.4
52895,2021-04-01 10:16:00,29.8,1002.7,29,269,1.6,0.4,10498.5
52983,2021-04-01 10:16:00,13.3,1024.0,93,20,10.8,0.4,10309.7
52984,2021-04-01 10:16:00,3.9,1020.5,52,91,2.9,0.3,10269.8
52986,2021-04-01 10:16:00,13.0,1006.1,78,23,0.8,1.4,10438.4
52996,2021-04-01 10:16:00,19.9,1000.1,9,10,0.5,0.8,10292.8
53821,2021-04-01 10:16:00,24.1,1019.7,69,282,3.3,0.1,10121.9
53915,2021-04-01 10:16:00,5.2,1008.2,30,110,10.7,1.3,10386.4
53923,2021-04-01 10:16:00,15.8,1026.4,42,99,2.6,0.2,10225.0
56074,2021-04-01 10:16:00,33.8,1002.0,100,15,1.3,1.1,10290.2
56080,2021-04-01 10:16:00,1.2,1025.7,97,152,14.0,0.9,10480.4
56093,2021-04-01 10:16:00,14.0,1013.1,43,66,2.5,0.7,10126.0
56096,2021-04-01 10:16:00,22.2,1017.8,51,200,1.3,0.3,10243.9
57014,2021-04-01 10:16:00,27.1,1007.3,59,49,10.5,0.5,10291.7
57996,2021-04-01 10:16:00,12.5,1012.1,83,270,11.3,0.2,10482.8
59072,2021-04-01 10:16:00,11.9,1017.0,43,88,12.1,0.4,10144.6
59082,2021-04-01 10:16:00,13.1,1010.1,36,0,2.0,0.5,10057.3
59087,2021-04-01 10:16:00,26.2,1008.0,17,326,14.5,1.0,10122.4
59088,2021-04-01 10:16:00,1.7,1001.1,52,232,9.9,0.1,10450.0
59096,2021-04-01 10:16:00,3.3,1025.1,51,270,6.1,0.8,10101.3
59097,2021-04-01 10:16:00,34.0,1018.2,98,73,9.3,0.5,10125.9
59107,2021-04-01 10:16:00,12.6,1013.4,19,100,0.5,0.6,10225.1
59116,2021-04-01 10:16:00,28.9,1005.8,86,235,9.1,0.1,10259.8
59117,2021-04-01 10:16:00,6.5,1019.9,47,297,4.0,0.8,10372.9
59271,2021-04-01 10:16:00,31.6,1000.7,78,179,7.4,1.5,10036.9
59278,2021-04-01 10:16:00,34.3,1007.4,39,235,13.8,0.1,10474.4
59280,2021-04-01 10:16:00,25.5,1019.8,19,210,5.4,1.2,10099.5
59287,2021-04-01 10:16:00,11.9,1023.8,89,230,6.7,0.3,10164.4
59289,2021-04-01 10:16:00,28.9,1006.1,79,164,7.6,1.1,10108.5
59293,2021-04-01 10:16:00,15.6,1021.9,28,220,10.0,0.2,10224.8
59294,2021-04-01 10:16:00,6.0,1012.9,49,358,2.4,1.0,10153.7
59298,2021-04-01 10:16:00,16.8,1009.0,98,178,6.3,1.4,10289.9
59303,2021-04-01 10:16:00,13.8,1011.1,20,193,5.4,0.5,10000.6
59304,2021-04-01 10:16:00,13.3,1002.9,13,281,14.1,0.7,10392.2
59306,2021-04-01 10:16:00,14.5,1019.6,14,14,14.0,0.5,10269.2
59310,2021-04-01 10:16:00,26.4,1023.3,14,25,5.0,1.1,10372.9
59316,2021-04-01 10:16:00,24.1,1000.7,96,109,12.0,1.0,10021.5
59317,2021-04-01 10:16:00,23.4,1020.8,52,215,1.8,0.7,10048.2
59324,2021-04-01 10:16:00,31.9,1022.8,94,212,2.0,0.3,10101.7
59456,2021-04-01 10:16:00,10.1,1020.5,13,219,5.0,0.5,10351.9
59462,2021-04-01 10:16:00,32.4,1024.8,5,169,3.5,1.2,10421.1
59478,2021-04-01 10:16:00,32.9,1016.1,61,202,8.2,0.7,10283.3
59485,2021-04-01 10:16:00,34.7,1002.3,78,153,8.6,0.6,10083.1
59488,2021-04-01 10:16:00,29.6,1004.6,57,153,0.4,0.0,10065.2
59493,2021-04-01 10:16:00,9.9,1012.1,34,297,3.6,0.2,10301.6
59501,2021-04-01 10:16:00,3.4,1003.0,97,219,5.6,0.4,10160.4
59658,2021-04-01 10:16:00,23.7,1011.1,3,80,4.9,1.5,10024.3
59663,2021-04-01 10:16:00,2.9,1009.4,24,98,13.5,0.7,10300.9
59664,2021-04-01 10:16:00,21.7,1015.0,29,36,4.8,0.1,10237.7
59673,2021-04-01 10:16:00,4.2,1014.1,85,148,4.1,0.0,10052.8
59754,2021-04-01 10:16:00,17.1,1012.9,6,48,11.0,1.2,10241.9
57947,2021-04-01 10:16:00,25.1,1003.4,87,152,14.5,0.9,10466.0
57957,2021-04-01 10:16:00,30.2,1016.6,75,202,4.3,0.6,10099.2
57958,2021-04-01 10:16:00,3.1,1005.2,77,107,2.1,1.2,10406.7
59021,2021-04-01 10:16:00,23.9,1002.2,81,122,3.3,1.3,10341.5
59023,2021-04-01 10:16:00,16.5,1025.0,85,108,3.5,0.6,10233.3
59027,2021-04-01 10:16:00,9.0,1012.7,63,183,2.5,0.4,10258.0
59037,2021-04-01 10:16:00,33.8,1000.9,61,241,1.2,1.2,10359.1
59046,2021-04-01 10:16:00,3.6,1010.5,29,57,14.3,0.4,10240.6
59058,2021-04-01 10:16:00,27.8,1015.1,64,72,9.1,0.3,10139.5
59065,2021-04-01 10:16:00,13.2,1022.6,93,239,5.5,0.7,10096.0
59209,2021-04-01 10:16:00,10.4,1007.5,65,260,9.0,0.1,10280.2
59211,2021-04-01 10:16:00,11.8,1002.8,3,269,6.4,1.4,10195.0
59218,2021-04-01 10:16:00,28.5,1012.6,99,345,8.7,0.9,10116.8
59228,2021-04-01 10:16:00,34.1,1008.4,91,177,3.8,1.5,10354.9
59242,2021-04-01 10:16:00,9.6,1011.7,95,226,3.9,1.5,10109.9
59254,2021-04-01 10:16:00,28.8,1001.1,41,215,4.9,0.6,10105.8
59265,2021-04-01 10:16:00,23.6,1017.6,16,222,11.7,1.3,10302.3
59417,2021-04-01 10:16:00,22.6,1010.6,71,37,4.5,0.8,10464.9
59431,2021-04-01 10:16:00,19.1,1010.2,67,169,3.9,1.2,10336.3
59446,2021-04-01 10:16:00,21.7,1016.1,86,350,10.7,0.5,10209.7
59453,2021-04-01 10:16:00,2.0,1018.1,75,292,4.8,1.3,10483.0
59626,2021-04-01 10:16:00,33.3,1000.7,8,92,8.8,0.5,10483.1
59631,2021-04-01 10:16:00,16.7,1007.1,8,231,8.9,0.5,10409.3
59632,2021-04-01 10:16:00,21.2,1009.0,8,49,10.7,1.2,10301.7
59644,2021-04-01 10:16:00,30.8,1015.0,71,265,9.1,0.8,10076.9
59647,2021-04-01 10:16:00,4.9,1009.8,98,237,14.7,0.4,10431.1
56691,2021-04-01 10:16:00,0.7,1020.5,43,352,7.6,0.9,10285.4
56693,2021-04-01 10:16:00,23.2,1004.1,44,38,1.1,1.0,10253.8
56792,2021-04-01 10:16:00,14.3,1013.2,32,317,1.9,0.5,10152.5
56793,2021-04-01 10:16:00,31.8,1007.5,65,204,13.8,1.3,10424.3
57606,2021-04-01 10:16:00,20.2,1022.9,95,272,5.6,1.2,10413.8
57614,2021-04-01 10:16:00,29.0,1013.1,41,252,11.7,0.7,10052.4
57625,2021-04-01 10:16:00,6.9,1017.0,11,231,3.9,0.1,10456.9
57647,2021-04-01 10:16:00,26.2,1024.5,7,272,9.5,1.5,10128.9
57707,2021-04-01 10:16:00,29.7,1006.6,90,22,0.8,0.7,10335.2
57710,2021-04-01 10:16:00,4.6,1024.5,43,1,6.6,1.4,10087.2
57712,2021-04-01 10:16:00,5.7,1010.5,57,206,1.0,1.0,10205.5
57718,2021-04-01 10:16:00,13.1,1007.3,10,339,10.3,1.1,10224.7
57722,2021-04-01 10:16:00,19.3,1000.3,61,265,2.5,1.3,10050.6
57729,2021-04-01 10:16:00,31.2,1017.4,54,149,1.4,1.1,10045.7
57731,2021-04-01 10:16:00,2.7,1015.0,58,316,10.0,1.3,10333.9
57741,2021-04-01 10:16:00,18.9,1022.7,52,113,9.2,0.8,10364.2
57803,2021-04-01 10:16:00,10.3,1001.0,8,287,2.0,1.5,10418.5
57805,2021-04-01 10:16:00,18.1,1000.8,40,122,1.2,0.4,10234.5
57806,2021-04-01 10:16:00,11.6,1016.9,36,339,2.1,1.2,10143.3
57816,2021-04-01 10:16:00,12.7,1001.4,59,305,4.3,1.0,10236.9
57825,2021-04-01 10:16:00,13.5,1006.9,27,164,0.4,1.4,10385.3
57827,2021-04-01 10:16:00,7.0,1022.5,16,114,8.0,1.0,10038.1
57832,2021-04-01 10:16:00,24.5,1003.3,90,351,14.0,1.2,10228.4
57839,2021-04-01 10:16:00,3.8,1003.0,59,65,8.1,1.3,10146.9
57840,2021-04-01 10:16:00,18.2,1025.6,26,72,5.5,0.3,10465.9
57902,2021-04-01 10:16:00,32.8,1000.2,29,189,14.5,1.2,10460.5
57906,2021-04-01 10:16:00,31.0,1024.5,21,302,5.1,0.1,10085.8
57907,2021-04-01 10:16:00,5.7,1024.4,28,194,0.9,1.0,10063.2
57910,2021-04-01 10:16:00,0.8,1014.7,15,298,13.8,1.1,10075.1
57912,2021-04-01 10:16:00,22.1,1014.2,80,207,8.2,0.8,10088.0
57916,2021-04-01 10:16:00,8.9,1021.9,13,136,10.6,0.0,10165.9
57922,2021-04-01 10:16:00,33.8,1005.3,24,242,3.7,1.1,10417.9
57926,2021-04-01 10:16:00,10.2,1016.4,1,92,9.6,0.6,10428.5
57932,2021-04-01 10:16:00,33.4,1014.0,93,321,9.8,0.0,10250.7
59758,2021-04-01 10:16:00,11.7,1017.2,90,159,3.8,0.1,10138.4
59838,2021-04-01 10:16:00,19.9,1022.0,95,286,8.8,0.1,10383.2
59845,2021-04-01 10:16:00,3.8,1024.2,70,104,6.3,1.4,10461.5
59849,2021-04-01 10:16:00,31.2,1016.6,79,167,9.2,0.3,10033.9
59855,2021-04-01 10:16:00,18.8,1014.2,23,62,13.1,0.7,10342.8
59948,2021-04-01 10:16:00,14.6,1021.7,49,237,0.7,0.2,10302.8
59954,2021-04-01 10:16:00,17.9,1014.9,37,242,13.8,0.1,10265.2
59981,2021-04-01 10:16:00,19.3,1000.7,16,143,6.6,1.0,10437.6
53399,2021-04-01 10:16:00,3.2,1017.6,93,272,7.0,0.2,10143.5
53593,2021-04-01 10:16:00,18.7,1017.2,8,234,14.4,0.7,10072.3
53698,2021-04-01 10:16:00,9.8,1020.7,68,268,6.8,1.5,10165.5
53798,2021-04-01 10:16:00,10.1,1014.0,23,40,13.8,0.9,10248.8
54308,2021-04-01 10:16:00,30.0,1025.2,36,294,11.0,0.7,10429.5
54311,2021-04-01 10:16:00,23.1,1018.3,93,283,2.0,1.5,10234.4
54401,2021-04-01 10:16:00,32.1,1003.3,2,338,11.0,0.0,10319.7
54405,2021-04-01 10:16:00,30.2,1017.8,43,197,3.3,0.8,10132.4
54423,2021-04-01 10:16:00,9.7,1026.0,74,307,4.3,0.4,10160.1
54429,2021-04-01 10:16:00,19.5,1016.2,12,326,13.0,0.3,10187.2
54436,2021-04-01 10:16:00,31.1,1020.4,80,308,1.3,1.2,10207.5
54449,2021-04-01 10:16:00,24.7,1013.5,10,136,12.3,1.1,10011.5
54518,2021-04-01 10:16:00,16.3,1022.9,95,162,12.5,0.0,10025.4
54534,2021-04-01 10:16:00,29.2,1014.5,56,215,2.0,1.4,10229.9
54535,2021-04-01 10:16:00,13.6,1007.2,84,195,2.8,0.6,10426.3
54539,2021-04-01 10:16:00,26.7,1006.4,67,119,9.6,0.3,10200.8
54602,2021-04-01 10:16:00,24.4,1004.4,25,299,14.8,0.6,10077.0
54606,2021-04-01 10:16:00,34.3,1010.2,76,57,2.3,1.0,10165.3
54618,2021-04-01 10:16:00,34.7,1018.5,87,87,2.4,1.3,10026.2
54624,2021-04-01 10:16:00,18.8,1014.3,31,356,2.9,0.8,10137.6
54705,2021-04-01 10:16:00,18.5,1022.7,47,148,10.3,0.6,10037.3
53898,2021-04-01 10:16:00,7.8,1016.3,42,141,8.5,0.8,10345.0
53986,2021-04-01 10:16:00,24.1,1008.3,4,345,10.1,1.4,10268.0
57051,2021-04-01 10:16:00,32.6,1017.8,9,28,4.9,0.6,10321.5
57067,2021-04-01 10:16:00,26.4,1023.2,97,16,5.9,0.7,10050.0
57071,2021-04-01 10:16:00,33.6,1018.5,85,187,1.0,0.2,10256.3
57077,2021-04-01 10:16:00,17.2,1022.2,28,188,4.3,0.6,10316.8
57083,2021-04-01 10:16:00,25.5,1010.4,20,149,13.8,0.3,10433.4
57084,2021-04-01 10:16:00,6.1,1018.2,28,107,10.6,0.7,10143.2
57089,2021-04-01 10:16:00,8.4,1013.8,81,49,13.6,0.4,10281.7
57091,2021-04-01 10:16:00,28.7,1011.2,46,324,8.7,0.4,10064.9
57156,2021-04-01 10:16:00,20.5,1010.4,72,206,13.3,0.6,10020.3
57178,2021-04-01 10:16:00,7.7,1015.4,98,262,8.8,0.8,10314.2
57181,2021-04-01 10:16:00,10.2,1022.7,6,22,7.0,1.3,10337.3
57193,2021-04-01 10:16:00,6.5,1024.7,42,225,14.6,1.0,10319.6
57285,2021-04-01 10:16:00,23.3,1005.5,7,303,12.4,1.3,10446.1
57290,2021-04-01 10:16:00,21.6,1007.4,90,33,8.8,0.6,10254.2
57297,2021-04-01 10:16:00,9.4,1019.0,78,34,1.7,0.7,10004.4
58005,2021-04-01 10:16:00,18.1,1010.7,81,128,7.6,0.5,10023.9
58111,2021-04-01 10:16:00,12.1,1018.4,55,336,13.1,0.5,10355.7
58208,2021-04-01 10:16:00,1.8,1007.0,14,106,11.2,1.4,10007.7
50136,2021-04-01 10:16:00,15.2,1007.8,100,129,1.0,1.2,10008.0
50246,2021-04-01 10:16:00,25.3,1002.6,45,128,8.4,0.4,10324.1
50247,2021-04-01 10:16:00,12.4,1004.5,22,173,6.6,0.0,10191.7
50349,2021-04-01 10:16:00,5.3,1003.1,15,114,13.3,0.3,10233.8
50353,2021-04-01 10:16:00,5.0,1022.4,73,176,12.7,0.3,10407.1
50442,2021-04-01 10:16:00,24.9,1003.7,86,358,6.1,0.1,10349.8
50468,2021-04-01 10:16:00,6.1,1025.5,56,185,0.7,0.8,10218.4
50557,2021-04-01 10:16:00,26.8,1019.9,34,202,14.7,0.3,10180.7
50564,2021-04-01 10:16:00,31.7,1015.6,50,106,11.0,0.9,10478.3
50656,2021-04-01 10:16:00,7.0,1000.9,53,58,9.3,0.1,10348.8
50658,2021-04-01 10:16:00,16.6,1016.8,36,209,7.3,1.4,10267.9
50674,2021-04-01 10:16:00,23.8,1010.0,99,288,12.7,0.7,10315.2
50739,2021-04-01 10:16:00,13.0,1001.5,60,105,10.6,0.0,10049.7
50742,2021-04-01 10:16:00,14.8,1007.4,7,56,7.3,1.0,10129.1
50745,2021-04-01 10:16:00,32.9,1023.4,84,223,1.9,0.2,10308.5
50756,2021-04-01 10:16:00,16.6,1015.0,33,188,8.1,0.6,10304.1
50758,2021-04-01 10:16:00,28.6,1002.5,20,234,9.5,0.7,10298.9
50774,2021-04-01 10:16:00,33.3,1019.4,25,200,12.1,1.4,10020.4
50778,2021-04-01 10:16:00,20.7,1005.0,17,255,4.4,0.7,10440.6
50788,2021-04-01 10:16:00,7.3,1004.0,65,239,8.0,1.2,10065.9
50844,2021-04-01 10:16:00,6.6,1005.8,28,143,14.3,1.5,10274.2
50853,2021-04-01 10:16:00,23.9,1012.5,51,93,6.9,0.6,10220.8
50854,2021-04-01 10:16:00,33.5,1023.3,96,309,10.3,0.3,10187.8
50862,2021-04-01 10:16:00,14.5,1016.0,96,324,3.2,0.3,10391.8
50873,2021-04-01 10:16:00,33.5,1006.7,67,48,8.7,1.3,10105.7
50877,2021-04-01 10:16:00,9.3,1001.2,15,62,2.2,0.0,10066.0
50888,2021-04-01 10:16:00,6.9,1020.7,83,78,0.0,0.9,10067.2
50950,2021-04-01 10:16:00,28.4,1021.5,85,274,5.2,0.3,10227.6
50953,2021-04-01 10:16:00,22.3,1005.3,46,250,5.0,0.7,10386.6
50955,2021-04-01 10:16:00,7.5,1008.6,35,112,14.9,0.4,10459.4
50963,2021-04-01 10:16:00,16.0,1023.1,64,299,0.8,0.5,10331.2
50968,2021-04-01 10:16:00,0.3,1008.1,38,53,6.8,0.5,10085.6
50973,2021-04-01 10:16:00,5.7,1006.0,90,107,9.8,1.4,10293.4
50978,2021-04-01 10:16:00,30.4,1022.4,89,278,0.5,0.2,10364.6
50983,2021-04-01 10:16:00,24.5,1025.0,59,190,9.1,0.9,10378.4
54094,2021-04-01 10:16:00,7.9,1007.0,60,251,14.6,0.9,10479.5
54096,2021-04-01 10:16:00,27.7,1008.7,96,206,12.7,0.4,10273.2
57251,2021-04-01 10:16:00,9.9,1004.0,4,6,6.9,0.7,10264.6
57256,2021-04-01 10:16:00,33.3,1018.8,28,3,14.3,0.9,10409.7
57259,2021-04-01 10:16:00,30.1,1001.5,67,146,3.0,1.4,10138.1
57265,2021-04-01 10:16:00,33.0,1003.7,74,202,0.1,0.4,10001.7
57278,2021-04-01 10:16:00,3.6,1024.4,28,196,2.6,0.2,10134.6
57279,2021-04-01 10:16:00,8.4,1006.9,52,274,14.2,0.2,10141.5
57355,2021-04-01 10:16:00,24.1,1019.8,75,353,2.8,0.0,10084.6
57358,2021-04-01 10:16:00,4.5,1024.5,10,339,4.9,0.7,10029.4
57359,2021-04-01 10:16:00,16.9,1002.0,16,232,6.0,0.2,10412.8
57363,2021-04-01 10:16:00,15.9,1026.2,28,136,4.6,1.4,10418.5
57378,2021-04-01 10:16:00,28.5,1015.0,72,247,13.0,0.5,10437.8
57381,2021-04-01 10:16:00,18.1,1017.4,14,82,6.0,1.4,10300.1
57395,2021-04-01 10:16:00,5.9,1008.6,96,84,11.7,1.0,10392.9
57399,2021-04-01 10:16:00,4.9,1017.9,42,179,7.9,0.8,10402.6
57439,2021-04-01 10:16:00,17.4,1024.3,70,298,0.8,0.4,10003.0
57445,2021-04-01 10:16:00,0.1,1020.4,51,110,12.9,1.5,10067.9
57447,2021-04-01 10:16:00,19.0,1025.7,86,132,10.3,0.1,10232.4
57458,2021-04-01 10:16:00,12.8,1003.5,70,321,0.0,0.6,10460.0
57461,2021-04-01 10:16:00,1.1,1000.5,29,248,2.8,0.6,10073.9
57476,2021-04-01 10:16:00,17.9,1010.2,77,198,3.2,0.6,10289.2
57482,2021-04-01 10:16:00,7.4,1020.2,57,102,8.4,0.1,10040.3
57483,2021-04-01 10:16:00,3.2,1025.9,28,332,7.0,0.1,10468.6
57493,2021-04-01 10:16:00,35.0,1015.4,39,343,9.0,0.3,10340.0
57494,2021-04-01 10:16:00,33.4,1004.9,43,117,11.3,0.6,10330.7
57545,2021-04-01 10:16:00,20.8,1001.6,20,298,14.0,0.3,10210.2
57573,2021-04-01 10:16:00,22.8,1017.9,72,358,9.5,0.6,10002.4
57581,2021-04-01 10:16:00,16.9,1010.7,96,339,10.7,0.2,10257.3
57583,2021-04-01 10:16:00,12.2,1012.0,59,247,7.6,0.4,10487.2
57595,2021-04-01 10:16:00,15.0,1018.7,65,177,7.0,0.8,10316.0
58402,2021-04-01 10:16:00,16.0,1015.1,61,359,3.2,0.7,10187.2
58407,2021-04-01 10:16:00,20.0,1009.6,88,45,2.9,0.7,10469.7
58500,2021-04-01 10:16:00,4.4,1000.8,84,265,8.0,0.5,10147.9
57554,2021-04-01 10:16:00,3.9,1008.5,82,277,1.7,0.6,10265.3
57562,2021-04-01 10:16:00,29.8,1012.4,83,51,14.7,1.4,10188.6
57574,2021-04-01 10:16:00,17.4,1000.0,1,338,0.8,0.7,10237.0
57584,2021-04-01 10:16:00,26.3,1003.1,93,307,14.9,1.2,10118.1
57642,2021-04-01 10:16:00,12.7,1023.4,18,137,11.5,1.0,10113.2
57649,2021-04-01 10:16:00,2.2,1011.6,22,264,8.0,1.5,10060.0
57655,2021-04-01 10:16:00,3.9,1008.4,19,130,12.6,1.4,10014.5
57662,2021-04-01 10:16:00,28.5,1006.4,76,44,8.6,1.2,10130.6
57669,2021-04-01 10:16:00,24.1,1013.6,17,97,1.7,0.9,10461.7
57671,2021-04-01 10:16:00,30.1,1002.6,42,99,13.4,0.7,10189.7
57673,2021-04-01 10:16:00,24.9,1024.0,72,187,12.2,0.5,10076.7
57679,2021-04-01 10:16:00,34.7,1021.6,78,315,12.0,0.4,10279.3
57682,2021-04-01 10:16:00,3.8,1013.9,65,224,2.0,1.2,10280.0
57687,2021-04-01 10:16:00,31.4,1014.5,20,334,5.8,1.3,10495.1
57745,2021-04-01 10:16:00,3.6,1000.3,42,121,14.8,1.2,10173.9
57749,2021-04-01 10:16:00,3.1,1021.0,18,181,6.6,1.0,10290.8
57752,2021-04-01 10:16:00,1.3,1019.1,69,257,2.5,0.8,10325.6
57758,2021-04-01 10:16:00,1.1,1013.7,55,98,8.7,0.5,10036.3
57761,2021-04-01 10:16:00,33.7,1015.1,59,299,1.4,1.5,10014.5
57766,2021-04-01 10:16:00,12.2,1018.8,62,207,11.8,1.1,10078.8
57774,2021-04-01 10:16:00,3.5,1021.7,70,84,12.8,1.3,10055.4
57776,2021-04-01 10:16:00,32.0,1023.2,15,124,14.1,0.0,10156.7
57779,2021-04-01 10:16:00,4.6,1007.1,7,147,8.4,0.0,10166.5
57780,2021-04-01 10:16:00,16.9,1020.0,20,208,12.8,0.5,10420.1
57841,2021-04-01 10:16:00,23.5,1012.9,69,54,4.1,0.9,10467.3
57845,2021-04-01 10:16:00,1.2,1025.4,85,278,14.8,1.5,10057.7
57853,2021-04-01 10:16:00,11.3,1017.9,29,141,6.7,0.6,10325.0
57857,2021-04-01 10:16:00,8.3,1021.8,20,333,11.8,1.0,10029.0
57860,2021-04-01 10:16:00,1.1,1020.8,29,199,13.7,0.0,10492.6
57866,2021-04-01 10:16:00,17.1,1023.0,98,183,1.0,0.9,10491.7
57872,2021-04-01 10:16:00,18.6,1002.2,68,12,0.4,0.7,10235.0
57874,2021-04-01 10:16:00,29.9,1024.6,79,155,3.6,0.1,10168.9
57889,2021-04-01 10:16:00,19.2,1012.9,54,356,11.3,0.2,10259.3
57965,2021-04-01 10:16:00,7.1,1012.7,94,15,1.8,0.2,10118.8
57972,2021-04-01 10:16:00,16.1,1016.9,72,320,0.6,0.2,10476.7
57974,2021-04-01 10:16:00,10.3,1020.5,23,322,11.9,0.8,10492.1
50936,2021-04-01 10:16:00,16.7,1009.4,91,294,8.8,0.3,10201.5
50945,2021-04-01 10:16:00,29.8,1018.2,79,98,1.0,0.7,10443.9
50948,2021-04-01 10:16:00,35.0,1022.9,85,160,8.8,0.3,10319.0
50949,2021-04-01 10:16:00,13.4,1018.8,98,247,13.3,0.3,10410.1
54041,2021-04-01 10:16:00,32.2,1003.8,51,2,7.4,0.4,10495.2
54049,2021-04-01 10:16:00,23.7,1000.1,100,48,11.3,0.1,10121.4
54063,2021-04-01 10:16:00,14.2,1024.7,72,105,11.8,0.3,10174.4
54064,2021-04-01 10:16:00,30.0,1001.8,19,75,6.3,0.7,10020.2
54142,2021-04-01 10:16:00,28.6,1007.0,4,283,11.5,0.1,10463.6
54157,2021-04-01 10:16:00,24.3,1001.6,46,201,8.2,0.8,10128.8
54161,2021-04-01 10:16:00,20.8,1013.0,100,153,8.0,0.7,10255.4
54165,2021-04-01 10:16:00,7.2,1011.8,97,157,9.3,0.6,10279.5
54171,2021-04-01 10:16:00,18.6,1008.5,27,75,12.7,0.5,10475.9
54181,2021-04-01 10:16:00,8.9,1011.1,28,341,13.2,0.0,10385.5
54186,2021-04-01 10:16:00,20.3,1015.4,57,214,4.4,1.1,10047.8
54195,2021-04-01 10:16:00,13.9,1008.8,18,345,10.7,0.5,10263.5
54260,2021-04-01 10:16:00,6.0,1014.8,47,229,2.0,0.0,10178.0
54263,2021-04-01 10:16:00,22.5,1017.0,75,179,9.3,0.9,10214.7
54266,2021-04-01 10:16:00,15.8,1005.5,8,154,14.4,0.7,10369.8
54273,2021-04-01 10:16:00,16.9,1014.0,48,65,9.9,0.1,10130.4
54276,2021-04-01 10:16:00,29.4,1025.2,25,120,1.8,1.4,10117.2
54284,2021-04-01 10:16:00,29.0,1021.8,38,66,0.5,1.1,10122.4
54285,2021-04-01 10:16:00,9.9,1020.6,51,167,9.4,1.3,10191.1
54286,2021-04-01 10:16:00,0.7,1019.7,83,149,4.2,0.1,10355.2
54292,2021-04-01 10:16:00,18.1,1007.6,90,293,13.1,1.0,10004.0
54363,2021-04-01 10:16:00,16.7,1011.5,88,277,8.9,0.1,10097.7
54374,2021-04-01 10:16:00,18.1,1025.5,54,305,5.7,1.1,10478.4
54377,2021-04-01 10:16:00,32.8,1023.2,99,351,8.6,1.2,10295.2
54386,2021-04-01 10:16:00,28.8,1011.1,21,254,11.0,0.5,10171.5
58026,2021-04-01 10:16:00,7.3,1022.5,46,292,11.6,0.5,10447.6
58027,2021-04-01 10:16:00,22.1,1005.5,10,193,0.0,1.4,10223.7
58038,2021-04-01 10:16:00,24.7,1006.7,76,170,3.1,1.3,10157.5
58040,2021-04-01 10:16:00,4.2,1006.0,76,87,1.7,1.1,10148.8
58047,2021-04-01 10:16:00,16.4,1007.6,54,352,3.4,0.2,10172.4
58130,2021-04-01 10:16:00,15.7,1024.8,98,151,14.5,0.6,10446.9
58135,2021-04-01 10:16:00,34.8,1015.5,16,307,3.9,0.7,10065.5
58138,2021-04-01 10:16:00,22.7,1004.8,73,179,12.4,1.5,10369.1
58141,2021-04-01 10:16:00,13.6,1010.1,65,12,5.4,0.1,10028.7
58143,2021-04-01 10:16:00,2.6,1010.0,61,154,0.5,1.3,10039.5
58150,2021-04-01 10:16:00,13.1,1006.6,23,281,3.8,1.3,10330.0
58158,2021-04-01 10:16:00,21.0,1025.2,79,12,10.1,1.0,10337.2
58238,2021-04-01 10:16:00,5.4,1005.1,84,260,14.9,0.3,10414.6
58241,2021-04-01 10:16:00,1.6,1014.4,41,96,8.9,0.4,10269.4
58251,2021-04-01 10:16:00,32.6,1007.6,49,349,2.9,1.4,10381.0
58252,2021-04-01 10:16:00,12.6,1006.5,60,228,14.4,0.5,10161.8
58255,2021-04-01 10:16:00,3.2,1011.2,97,192,4.3,0.3,10150.9
58259,2021-04-01 10:16:00,23.9,1003.4,89,291,5.0,0.8,10322.6
58265,2021-04-01 10:16:00,5.6,1006.7,43,337,9.6,0.3,10490.2
58343,2021-04-01 10:16:00,31.2,1006.0,90,177,7.7,0.0,10163.9
58345,2021-04-01 10:16:00,34.8,1014.5,51,47,13.2,0.6,10378.9
58354,2021-04-01 10:16:00,10.4,1012.8,85,172,5.7,0.9,10103.9
58356,2021-04-01 10:16:00,24.9,1002.0,24,170,14.0,0.9,10469.5
58358,2021-04-01 10:16:00,28.2,1006.5,27,135,7.6,0.0,10035.9
57598,2021-04-01 10:16:00,8.7,1003.3,63,345,10.8,0.4,10398.2
57696,2021-04-01 10:16:00,30.4,1005.1,38,220,3.9,1.3,10106.8
57789,2021-04-01 10:16:00,5.8,1008.8,69,307,0.6,1.1,10077.1
57793,2021-04-01 10:16:00,12.2,1008.7,97,186,2.3,0.3,10472.5
57799,2021-04-01 10:16:00,4.0,1011.1,67,26,11.1,0.9,10238.3
57894,2021-04-01 10:16:00,4.7,1005.5,30,54,0.6,1.4,10490.7
57896,2021-04-01 10:16:00,28.5,1021.4,32,35,14.0,1.1,10474.3
57993,2021-04-01 10:16:00,23.3,1023.1,12,344,5.8,1.2,10341.7
58506,2021-04-01 10:16:00,0.3,1016.8,36,194,12.6,0.6,10406.1
58507,2021-04-01 10:16:00,27.0,1018.5,78,351,8.0,1.4,10313.6
58519,2021-04-01 10:16:00,14.4,1002.9,65,274,11.5,0.3,10200.5
58527,2021-04-01 10:16:00,13.6,1022.3,85,115,14.4,0.8,10172.8
58600,2021-04-01 10:16:00,0.5,1023.1,82,186,3.9,0.9,10461.2
58606,2021-04-01 10:16:00,7.6,1023.3,67,274,0.8,0.3,10388.8
58608,2021-04-01 10:16:00,8.2,1018.1,97,287,2.7,0.8,10386.6
58622,2021-04-01 10:16:00,7.4,1020.8,97,22,10.8,0.4,10176.3
58626,2021-04-01 10:16:00,19.4,1010.3,10,118,3.4,1.0,10429.8
58634,2021-04-01 10:16:00,23.0,1004.6,22,72,3.4,0.7,10380.1
58637,2021-04-01 10:16:00,23.8,1022.7,18,123,13.5,1.3,10155.1
58705,2021-04-01 10:16:00,23.1,1006.0,29,349,8.5,0.4,10494.4
58715,2021-04-01 10:16:00,28.4,1007.0,73,19,3.5,0.1,10384.3
58718,2021-04-01 10:16:00,1.3,1016.1,58,97,8.9,1.5,10098.1
58806,2021-04-01 10:16:00,21.2,1012.8,94,90,10.1,0.2,10295.9
58813,2021-04-01 10:16:00,24.5,1020.0,69,61,0.2,0.4,10009.9
59092,2021-04-01 10:16:00,33.1,1006.3,26,154,2.8,0.9,10048.9
59102,2021-04-01 10:16:00,3.0,1000.1,95,5,0.9,0.7,10264.2
54236,2021-04-01 10:16:00,33.5,1024.2,78,304,10.3,1.4,10236.4
54237,2021-04-01 10:16:00,14.1,1004.9,53,42,1.1,0.0,10461.0
54243,2021-04-01 10:16:00,29.2,1025.6,58,153,9.4,1.4,10429.4
54254,2021-04-01 10:16:00,13.5,1022.2,73,199,6.5,1.4,10299.3
54259,2021-04-01 10:16:00,32.3,1008.7,13,352,5.6,0.5,10021.4
54324,2021-04-01 10:16:00,3.9,1025.8,97,295,4.7,1.2,10292.2
54326,2021-04-01 10:16:00,34.1,1006.8,6,93,14.6,0.3,10350.9
54333,2021-04-01 10:16:00,24.9,1021.9,67,256,3.1,0.3,10412.1
54334,2021-04-01 10:16:00,20.7,1010.1,33,350,3.5,0.8,10226.1
54335,2021-04-01 10:16:00,19.7,1025.7,97,333,5.2,0.4,10205.1
54337,2021-04-01 10:16:00,28.9,1021.9,80,261,6.9,0.8,10442.1
54339,2021-04-01 10:16:00,1.7,1007.6,67,327,5.1,0.4,10391.0
54342,2021-04-01 10:16:00,5.3,1006.2,80,171,13.9,0.3,10069.0
54346,2021-04-01 10:16:00,33.0,1001.5,1,228,9.9,0.0,10038.2
54349,2021-04-01 10:16:00,19.7,1001.7,44,333,13.9,1.4,10448.3
54351,2021-04-01 10:16:00,1.0,1008.0,3,26,1.2,0.8,10088.5
54353,2021-04-01 10:16:00,13.9,1016.4,10,309,3.2,0.8,10351.0
54365,2021-04-01 10:16:00,22.9,1017.5,87,37,6.7,0.2,10306.2
54452,2021-04-01 10:16:00,18.2,1007.5,41,251,2.9,1.1,10467.6
54454,2021-04-01 10:16:00,21.6,1010.7,92,279,11.7,0.9,10247.2
54455,2021-04-01 10:16:00,23.2,1001.5,43,56,2.2,0.3,10286.5
54470,2021-04-01 10:16:00,9.3,1019.5,79,7,10.1,0.0,10078.0
54471,2021-04-01 10:16:00,5.1,1002.3,95,87,4.0,0.2,10172.1
54472,2021-04-01 10:16:00,0.3,1011.9,84,290,7.6,1.4,10070.1
54476,2021-04-01 10:16:00,22.5,1025.9,27,7,9.1,1.2,10211.9
54486,2021-04-01 10:16:00,33.8,1014.4,71,249,6.9,1.2,10240.5
54493,2021-04-01 10:16:00,12.9,1015.0,26,233,12.0,0.3,10234.8
54497,2021-04-01 10:16:00,2.8,1007.1,40,11,7.7,1.4,10452.2
54563,2021-04-01 10:16:00,29.2,1021.0,43,272,12.6,0.0,10212.1
54579,2021-04-01 10:16:00,17.6,1005.1,56,181,1.5,1.3,10415.1
54584,2021-04-01 10:16:00,20.8,1009.8,52,59,14.5,1.2,10089.5
54660,2021-04-01 10:16:00,14.8,1013.3,33,5,5.6,0.7,10028.4
54662,2021-04-01 10:16:00,23.5,1020.7,83,219,10.0,0.4,10398.7
50425,2021-04-01 10:16:00,7.6,1021.0,76,324,13.6,1.0,10177.9
50434,2021-04-01 10:16:00,13.0,1013.3,82,39,13.8,0.0,10393.8
50514,2021-04-01 10:16:00,14.5,1005.6,3,248,10.9,1.1,10146.0
50527,2021-04-01 10:16:00,1.9,1017.8,34,252,10.8,1.1,10254.3
50548,2021-04-01 10:16:00,5.2,1007.0,88,216,3.7,1.4,10274.0
50603,2021-04-01 10:16:00,1.1,1010.0,12,166,10.3,0.8,10418.6
50618,2021-04-01 10:16:00,14.2,1019.4,17,276,8.5,1.4,10088.4
50632,2021-04-01 10:16:00,9.3,1001.0,50,245,1.6,0.6,10471.9
50639,2021-04-01 10:16:00,31.9,1004.2,63,54,9.4,0.5,10084.9
50727,2021-04-01 10:16:00,6.5,1010.1,4,326,11.1,0.2,10187.8
50834,2021-04-01 10:16:00,29.3,1008.3,50,289,8.5,0.1,10343.6
50838,2021-04-01 10:16:00,5.0,1011.1,10,259,4.3,0.2,10188.1
50915,2021-04-01 10:16:00,8.6,1016.9,55,25,4.6,0.4,10268.1
50924,2021-04-01 10:16:00,17.7,1013.0,95,323,3.6,0.9,10139.9
52267,2021-04-01 10:16:00,13.6,1016.6,14,105,7.4,0.7,10394.6
52495,2021-04-01 10:16:00,26.1,1021.2,60,202,12.0,0.0,10066.9
52576,2021-04-01 10:16:00,11.0,1019.5,38,95,2.6,0.0,10177.5
53068,2021-04-01 10:16:00,21.5,1019.2,85,257,8.4,1.4,10459.8
53083,2021-04-01 10:16:00,15.0,1020.0,23,311,14.8,1.2,10368.3
53149,2021-04-01 10:16:00,2.4,1006.1,63,284,8.5,0.1,10188.5
53192,2021-04-01 10:16:00,33.5,1024.1,72,182,12.3,0.0,10145.6
53195,2021-04-01 10:16:00,1.8,1001.9,63,35,11.9,0.7,10311.8
53276,2021-04-01 10:16:00,6.8,1011.9,86,136,6.1,0.0,10164.7
53336,2021-04-01 10:16:00,13.7,1024.1,85,252,4.9,0.2,10401.4
53352,2021-04-01 10:16:00,29.3,1010.0,39,70,1.3,0.9,10490.8
53362,2021-04-01 10:16:00,25.4,1025.1,63,279,2.8,0.0,10141.5
53367,2021-04-01 10:16:00,20.1,1008.8,59,170,10.3,0.8,10294.0
53391,2021-04-01 10:16:00,18.8,1023.4,75,36,0.0,0.2,10142.6
53446,2021-04-01 10:16:00,20.8,1008.3,29,85,8.0,1.4,10100.8
53463,2021-04-01 10:16:00,28.3,1024.7,41,103,5.0,0.2,10004.3
53480,2021-04-01 10:16:00,15.0,1024.4,89,97,0.4,0.6,10074.2
53502,2021-04-01 10:16:00,18.9,1003.7,7,106,9.8,0.8,10094.3
53513,2021-04-01 10:16:00,16.4,1009.2,63,109,0.3,1.4,10009.0
53529,2021-04-01 10:16:00,3.2,1013.8,64,117,8.7,0.7,10311.0
53543,2021-04-01 10:16:00,3.5,1009.2,35,238,4.1,0.2,10465.3
53547,2021-04-01 10:16:00,28.8,1012.6,28,287,1.5,0.2,10429.6
53602,2021-04-01 10:16:00,25.8,1003.6,36,24,1.1,0.5,10122.4
54012,2021-04-01 10:16:00,17.6,1021.9,54,179,4.7,0.8,10439.5
54026,2021-04-01 10:16:00,15.6,1024.3,42,45,8.5,0.8,10462.2
54027,2021-04-01 10:16:00,3.1,1004.5,44,246,12.3,1.4,10205.1
54102,2021-04-01 10:16:00,32.0,1021.4,67,65,12.3,1.3,10299.7
54115,2021-04-01 10:16:00,18.0,1011.5,88,140,8.9,0.8,10400.3
54134,2021-04-01 10:16:00,10.1,1004.3,29,14,8.4,1.4,10393.2
54135,2021-04-01 10:16:00,33.1,1001.3,96,280,0.0,1.0,10322.1
54208,2021-04-01 10:16:00,10.0,1010.0,12,15,11.5,0.9,10312.0
54213,2021-04-01 10:16:00,22.7,1017.7,94,236,13.2,0.1,10098.6
54218,2021-04-01 10:16:00,27.8,1014.3,80,289,3.2,0.8,10440.7
54226,2021-04-01 10:16:00,5.9,1009.7,35,307,8.0,0.1,10495.3
53519,2021-04-01 10:16:00,12.5,1000.4,18,16,8.0,1.2,10192.5
53612,2021-04-01 10:16:00,34.0,1007.7,96,169,9.1,0.1,10245.7
53614,2021-04-01 10:16:00,0.1,1001.9,94,144,14.7,0.4,10134.8
53615,2021-04-01 10:16:00,15.2,1006.9,89,47,6.6,1.1,10304.9
53704,2021-04-01 10:16:00,8.9,1024.4,27,339,7.6,0.8,10295.4
53705,2021-04-01 10:16:00,26.8,1010.2,12,57,3.2,0.2,10377.5
53723,2021-04-01 10:16:00,5.1,1015.6,64,249,2.5,1.2,10183.3
53806,2021-04-01 10:16:00,1.4,1025.7,100,254,6.7,0.3,10012.8
53810,2021-04-01 10:16:00,8.5,1008.7,90,182,11.9,1.5,10090.0
53817,2021-04-01 10:16:00,23.2,1009.4,1,95,8.4,1.5,10019.5
53903,2021-04-01 10:16:00,16.5,1010.9,11,43,2.5,0.1,10258.7
53910,2021-04-01 10:16:00,16.5,1012.1,39,276,11.3,0.9,10468.8
51886,2021-04-01 10:16:00,7.8,1017.3,33,306,9.3,0.1,10291.6
52602,2021-04-01 10:16:00,24.2,1026.1,14,121,10.0,0.5,10008.1
52633,2021-04-01 10:16:00,2.6,1007.6,81,306,5.5,0.2,10099.8
52645,2021-04-01 10:16:00,28.1,1021.7,95,183,9.8,0.8,10372.3
52657,2021-04-01 10:16:00,12.2,1009.6,91,136,10.0,1.4,10098.5
52707,2021-04-01 10:16:00,3.5,1010.5,15,7,14.1,1.1,10494.3
52713,2021-04-01 10:16:00,19.1,1005.9,37,110,2.5,0.0,10401.4
52737,2021-04-01 10:16:00,14.1,1021.2,39,25,7.9,0.9,10190.6
52754,2021-04-01 10:16:00,2.4,1021.9,9,162,14.3,1.0,10080.2
52765,2021-04-01 10:16:00,10.0,1000.6,53,90,7.6,0.6,10305.3
52818,2021-04-01 10:16:00,6.4,1003.5,70,211,14.2,0.1,10228.4
52825,2021-04-01 10:16:00,28.5,1008.0,82,292,13.7,0.8,10101.7
52833,2021-04-01 10:16:00,25.5,1023.7,18,205,2.6,0.1,10000.4
52836,2021-04-01 10:16:00,25.1,1010.4,79,126,0.6,0.6,10278.1
52842,2021-04-01 10:16:00,5.5,1001.9,6,30,14.6,1.0,10180.8
52856,2021-04-01 10:16:00,33.6,1009.1,59,208,10.8,0.3,10075.9
52866,2021-04-01 10:16:00,27.2,1001.1,82,183,12.0,0.6,10113.9
52868,2021-04-01 10:16:00,22.6,1011.5,1,180,10.9,1.4,10439.0
52876,2021-04-01 10:16:00,11.8,1013.0,96,228,1.1,0.5,10320.2
52908,2021-04-01 10:16:00,25.1,1012.2,16,56,6.1,1.3,10171.4
52943,2021-04-01 10:16:00,1.6,1020.2,21,287,7.6,1.3,10394.5
52955,2021-04-01 10:16:00,2.2,1011.4,96,327,3.6,0.7,10154.1
52974,2021-04-01 10:16:00,1.6,1003.2,60,351,8.9,0.2,10167.8
56004,2021-04-01 10:16:00,2.0,1003.7,62,19,8.7,0.8,10412.0
56018,2021-04-01 10:16:00,29.9,1008.9,65,241,1.3,0.8,10375.9
56021,2021-04-01 10:16:00,23.9,1015.0,24,98,14.6,0.2,10454.1
56029,2021-04-01 10:16:00,34.1,1022.2,6,357,9.4,0.4,10166.9
56033,2021-04-01 10:16:00,7.5,1016.6,52,194,8.0,1.2,10070.6
56034,2021-04-01 10:16:00,6.5,1002.5,54,247,4.1,1.3,10037.0
56043,2021-04-01 10:16:00,13.0,1004.5,30,16,14.7,0.0,10312.3
56046,2021-04-01 10:16:00,17.9,1017.4,73,347,9.1,0.9,10423.6
56065,2021-04-01 10:16:00,15.9,1018.4,98,1,11.5,0.5,10444.4
56067,2021-04-01 10:16:00,33.0,1011.0,6,25,5.6,1.0,10462.6
56125,2021-04-01 10:16:00,0.8,1021.4,26,174,8.6,0.3,10318.2
56151,2021-04-01 10:16:00,33.0,1015.3,38,77,13.8,0.5,10393.5
54715,2021-04-01 10:16:00,31.7,1009.9,63,99,8.3,0.7,10249.2
54725,2021-04-01 10:16:00,28.0,1016.7,100,77,7.8,0.0,10375.7
54727,2021-04-01 10:16:00,3.3,1000.9,100,275,14.5,0.0,10202.6
54744,2021-04-01 10:16:00,14.5,1005.0,46,286,4.9,1.0,10410.8
54751,2021-04-01 10:16:00,17.5,1019.4,53,310,3.3,0.6,10160.0
54753,2021-04-01 10:16:00,24.6,1016.8,82,110,9.0,0.5,10199.6
54764,2021-04-01 10:16:00,5.7,1010.4,35,324,0.6,0.1,10066.1
54774,2021-04-01 10:16:00,34.9,1007.6,35,15,14.7,0.3,10283.9
54776,2021-04-01 10:16:00,33.4,1016.8,98,345,5.7,0.5,10262.6
54808,2021-04-01 10:16:00,23.7,1001.8,46,168,14.6,0.6,10336.6
54823,2021-04-01 10:16:00,11.1,1024.3,51,149,0.3,1.2,10328.7
54826,2021-04-01 10:16:00,19.6,1019.9,58,122,13.0,1.1,10415.2
54836,2021-04-01 10:16:00,2.0,1018.7,52,127,13.6,0.0,10300.4
54842,2021-04-01 10:16:00,34.3,1005.7,69,14,2.0,0.1,10002.4
54843,2021-04-01 10:16:00,14.6,1023.5,78,176,5.9,1.5,10257.8
54857,2021-04-01 10:16:00,27.6,1005.1,32,85,13.2,0.0,10082.3
54863,2021-04-01 10:16:00,15.7,1018.2,38,194,5.4,0.1,10191.7
54909,2021-04-01 10:16:00,12.7,1004.6,35,136,14.3,0.2,10096.1
54916,2021-04-01 10:16:00,34.7,1023.6,69,133,1.8,0.9,10158.2
54929,2021-04-01 10:16:00,5.0,1020.7,56,153,8.5,1.0,10487.3
54936,2021-04-01 10:16:00,8.2,1007.7,59,202,5.9,0.7,10276.1
54945,2021-04-01 10:16:00,31.8,1013.8,50,48,3.2,0.7,10318.4
58034,2021-04-01 10:16:00,15.5,1023.1,67,323,11.2,0.2,10132.6
53478,2021-04-01 10:16:00,16.2,1001.7,67,12,5.6,1.0,10326.8
53487,2021-04-01 10:16:00,14.9,1009.2,25,283,13.9,1.0,10118.2
53490,2021-04-01 10:16:00,5.5,1017.9,26,176,2.4,0.7,10069.5
53564,2021-04-01 10:16:00,22.4,1008.7,21,254,10.4,0.6,10346.6
53578,2021-04-01 10:16:00,19.6,1013.9,54,331,10.6,0.8,10449.3
53579,2021-04-01 10:16:00,3.2,1024.1,71,289,5.8,0.2,10187.1
53588,2021-04-01 10:16:00,14.8,1016.8,71,12,11.7,1.1,10476.9
53594,2021-04-01 10:16:00,1.8,1009.2,45,198,8.7,1.2,10263.4
53663,2021-04-01 10:16:00,14.0,1002.4,14,181,12.9,0.6,10080.7
53664,2021-04-01 10:16:00,8.3,1017.5,30,104,13.8,1.5,10083.1
53673,2021-04-01 10:16:00,12.6,1009.9,39,229,8.2,0.8,10372.5
53687,2021-04-01 10:16:00,33.4,1016.7,75,63,13.0,0.2,10409.6
53764,2021-04-01 10:16:00,13.4,1021.2,78,40,9.1,1.4,10181.2
53772,2021-04-01 10:16:00,32.6,1004.8,39,12,10.1,1.5,10155.3
53775,2021-04-01 10:16:00,13.1,1006.5,31,338,12.0,1.2,10379.0
53787,2021-04-01 10:16:00,23.0,1017.0,94,124,13.7,1.5,10436.0
53853,2021-04-01 10:16:00,34.9,1015.7,93,348,7.6,0.1,10408.8
53859,2021-04-01 10:16:00,5.4,1000.6,75,342,6.9,0.8,10353.4
53863,2021-04-01 10:16:00,9.8,1006.7,24,282,10.4,1.3,10024.8
53868,2021-04-01 10:16:00,33.8,1018.0,93,29,0.5,1.3,10364.6
53877,2021-04-01 10:16:00,27.2,1009.6,85,26,4.3,1.2,10126.8
53882,2021-04-01 10:16:00,12.9,1008.2,8,280,5.8,1.3,10118.4
53884,2021-04-01 10:16:00,31.1,1018.2,42,102,7.9,0.8,10207.3
53959,2021-04-01 10:16:00,31.3,1003.4,17,10,4.4,0.0,10415.9
53963,2021-04-01 10:16:00,13.1,1012.2,77,167,10.3,0.4,10225.1
53968,2021-04-01 10:16:00,6.9,1012.3,21,349,3.5,0.3,10452.7
53975,2021-04-01 10:16:00,12.9,1010.5,96,25,5.7,1.2,10460.3
57052,2021-04-01 10:16:00,10.2,1017.0,92,215,12.1,0.3,10216.3
53646,2021-04-01 10:16:00,16.3,1000.3,78,258,6.7,0.1,10345.1
53651,2021-04-01 10:16:00,2.7,1025.3,32,130,5.8,1.1,10197.3
53725,2021-04-01 10:16:00,10.6,1014.2,53,269,9.2,1.5,10190.8
53735,2021-04-01 10:16:00,15.4,1016.6,94,263,8.8,0.4,10391.6
53738,2021-04-01 10:16:00,9.0,1018.4,56,217,11.4,0.0,10441.9
53740,2021-04-01 10:16:00,0.1,1008.2,67,352,6.0,0.9,10349.2
53754,2021-04-01 10:16:00,32.3,1022.8,14,114,13.5,1.3,10402.7
53845,2021-04-01 10:16:00,23.8,1013.0,23,174,5.3,1.2,10294.6
53854,2021-04-01 10:16:00,4.8,1002.7,48,291,14.8,1.0,10008.4
53929,2021-04-01 10:16:00,5.2,1023.1,30,106,8.3,1.5,10137.7
53942,2021-04-01 10:16:00,33.3,1010.1,26,35,10.1,0.6,10210.4
53948,2021-04-01 10:16:00,29.2,1000.8,39,179,7.5,1.2,10013.8
53955,2021-04-01 10:16:00,21.2,1005.3,35,179,3.3,0.1,10226.6
57003,2021-04-01 10:16:00,4.0,1022.4,5,46,3.0,0.5,10207.8
57025,2021-04-01 10:16:00,8.7,1009.2,95,240,2.8,0.7,10379.6
57028,2021-04-01 10:16:00,6.7,1003.7,11,179,12.0,0.8,10224.9
57030,2021-04-01 10:16:00,33.3,1010.9,96,165,4.3,1.3,10137.9
57034,2021-04-01 10:16:00,12.4,1003.9,20,279,0.3,0.3,10261.7
57037,2021-04-01 10:16:00,4.4,1000.0,98,131,4.2,0.8,10494.2
57046,2021-04-01 10:16:00,5.3,1015.8,45,163,2.5,1.0,10472.6
57048,2021-04-01 10:16:00,19.4,1000.1,17,354,7.0,0.3,10116.4
57049,2021-04-01 10:16:00,30.0,1021.4,17,233,1.0,0.7,10242.1
57106,2021-04-01 10:16:00,28.6,1002.3,59,31,12.3,0.4,10048.7
57124,2021-04-01 10:16:00,13.6,1002.2,20,169,6.5,1.5,10401.7
57127,2021-04-01 10:16:00,2.9,1013.4,71,160,2.7,0.6,10450.8
57131,2021-04-01 10:16:00,19.0,1004.9,7,165,14.3,1.0,10402.2
57134,2021-04-01 10:16:00,5.4,1025.0,64,158,12.3,1.4,10070.6
57140,2021-04-01 10:16:00,5.4,1003.2,26,224,13.4,0.8,10075.7
57143,2021-04-01 10:16:00,23.5,1010.9,50,154,8.0,1.5,10393.4
57144,2021-04-01 10:16:00,22.4,1018.2,75,196,5.6,0.0,10219.1
57154,2021-04-01 10:16:00,1.9,1024.8,33,262,1.5,1.5,10000.5
57211,2021-04-01 10:16:00,14.7,1022.6,44,226,0.3,0.4,10356.6
57232,2021-04-01 10:16:00,21.8,1025.6,9,119,12.7,1.0,10125.1
57238,2021-04-01 10:16:00,7.5,1007.6,73,254,3.9,1.0,10165.7
57245,2021-04-01 10:16:00,15.5,1007.2,45,317,13.2,1.2,10048.4
57343,2021-04-01 10:16:00,16.2,1025.5,25,37,9.7,0.3,10030.2
58362,2021-04-01 10:16:00,9.8,1001.1,27,110,10.7,0.7,10105.8
56038,2021-04-01 10:16:00,24.0,1014.7,67,313,8.0,1.1,10132.4
56079,2021-04-01 10:16:00,29.6,1008.0,83,207,11.4,1.4,10477.3
56144,2021-04-01 10:16:00,2.7,1014.8,68,25,13.5,0.0,10032.0
56146,2021-04-01 10:16:00,10.0,1000.3,59,55,0.5,0.0,10097.9
56152,2021-04-01 10:16:00,1.4,1005.3,59,181,7.2,0.0,10271.1
56167,2021-04-01 10:16:00,8.5,1018.5,7,316,0.3,0.8,10220.6
56172,2021-04-01 10:16:00,6.9,1011.8,60,176,12.6,1.5,10365.4
56173,2021-04-01 10:16:00,24.0,1020.8,97,276,13.8,0.6,10495.8
56178,2021-04-01 10:16:00,20.3,1005.7,13,180,6.8,0.2,10385.6
56182,2021-04-01 10:16:00,32.9,1024.3,8,225,1.4,0.5,10016.1
56187,2021-04-01 10:16:00,2.3,1003.8,18,216,12.1,0.9,10034.4
56188,2021-04-01 10:16:00,11.9,1005.5,15,313,13.3,0.2,10427.1
56196,2021-04-01 10:16:00,9.1,1004.8,45,167,11.0,0.0,10002.3
56247,2021-04-01 10:16:00,7.4,1018.0,89,251,12.8,0.3,10058.5
56251,2021-04-01 10:16:00,25.4,1013.1,43,113,11.4,1.2,10481.5
56257,2021-04-01 10:16:00,6.9,1015.8,3,197,5.3,0.4,10369.6
56287,2021-04-01 10:16:00,11.8,1012.5,12,261,10.0,1.1,10221.6
56357,2021-04-01 10:16:00,29.6,1008.2,8,73,9.7,1.1,10292.0
56374,2021-04-01 10:16:00,11.0,1015.5,86,292,0.6,1.1,10491.8
56385,2021-04-01 10:16:00,25.3,1019.8,37,160,3.6,0.2,10255.1
56386,2021-04-01 10:16:00,19.2,1014.4,1,229,4.1,0.0,10318.2
56459,2021-04-01 10:16:00,27.1,1016.3,72,225,4.1,0.7,10422.5
56462,2021-04-01 10:16:00,25.5,1012.1,16,86,7.1,0.8,10262.7
56475,2021-04-01 10:16:00,4.5,1005.8,30,272,2.7,0.9,10170.4
56479,2021-04-01 10:16:00,15.7,1005.7,63,249,6.6,0.3,10478.0
56485,2021-04-01 10:16:00,17.7,1000.2,82,340,10.0,0.9,10278.6
56492,2021-04-01 10:16:00,24.9,1001.7,56,242,6.0,0.6,10044.0
56565,2021-04-01 10:16:00,10.2,1023.4,44,253,10.8,1.2,10481.8
56571,2021-04-01 10:16:00,32.8,1022.4,79,204,4.7,1.2,10214.5
56666,2021-04-01 10:16:00,9.9,1020.0,53,123,8.4,1.3,10080.9
56671,2021-04-01 10:16:00,14.9,1012.3,33,198,2.0,1.2,10299.4
57206,2021-04-01 10:16:00,18.7,1001.7,14,197,8.7,1.2,10120.0
57237,2021-04-01 10:16:00,6.7,1024.4,97,224,7.0,0.6,10294.2
57306,2021-04-01 10:16:00,33.7,1026.3,3,275,7.4,1.4,10114.3
57313,2021-04-01 10:16:00,24.8,1010.6,39,125,3.2,1.0,10155.4
57314,2021-04-01 10:16:00,28.4,1017.2,37,57,12.5,1.3,10158.0
57328,2021-04-01 10:16:00,13.1,1008.5,86,61,14.1,0.9,10336.9
57405,2021-04-01 10:16:00,27.1,1007.7,86,321,12.5,1.1,10447.6
57411,2021-04-01 10:16:00,20.6,1025.2,31,320,4.1,0.0,10481.9
57503,2021-04-01 10:16:00,29.8,1009.6,82,87,5.5,0.6,10006.7
57604,2021-04-01 10:16:00,0.3,1024.3,20,204,8.3,0.8,10397.0
57608,2021-04-01 10:16:00,35.0,1022.7,3,226,4.6,0.0,10474.2
54525,2021-04-01 10:16:00,33.5,1004.9,40,325,12.9,0.1,10067.3
54527,2021-04-01 10:16:00,9.2,1023.8,96,273,13.1,0.4,10014.4
54623,2021-04-01 10:16:00,0.0,1020.3,38,209,7.2,0.1,10259.2
55228,2021-04-01 10:16:00,9.8,1024.3,24,132,0.1,1.3,10239.2
55248,2021-04-01 10:16:00,24.6,1024.7,90,293,14.9,0.8,10422.0
55279,2021-04-01 10:16:00,29.0,1009.9,89,328,8.9,1.1,10122.9
55294,2021-04-01 10:16:00,11.5,1003.7,14,159,1.2,1.1,10152.1
55299,2021-04-01 10:16:00,14.8,1026.0,46,164,7.3,1.2,10371.3
55437,2021-04-01 10:16:00,9.3,1013.8,47,196,1.5,1.5,10102.1
55472,2021-04-01 10:16:00,5.6,1000.0,53,22,6.4,1.3,10117.6
55493,2021-04-01 10:16:00,23.8,1025.8,36,36,9.2,0.9,10187.9
55569,2021-04-01 10:16:00,15.0,1014.4,68,91,11.4,0.9,10351.9
55578,2021-04-01 10:16:00,3.5,1025.5,12,118,8.5,1.3,10008.3
55585,2021-04-01 10:16:00,16.7,1022.9,48,295,10.9,0.8,10325.6
55591,2021-04-01 10:16:00,7.0,1019.0,53,200,12.3,1.2,10154.2
55598,2021-04-01 10:16:00,27.6,1022.4,97,73,4.3,1.1,10123.8
55655,2021-04-01 10:16:00,0.2,1004.7,53,118,2.0,0.3,10118.8
55664,2021-04-01 10:16:00,3.6,1025.0,63,176,6.9,0.2,10002.8
55680,2021-04-01 10:16:00,28.5,1013.9,83,157,10.9,1.0,10152.2
55681,2021-04-01 10:16:00,20.5,1006.9,50,290,11.5,0.9,10104.7
55690,2021-04-01 10:16:00,31.8,1003.8,41,149,4.5,0.4,10205.1
55696,2021-04-01 10:16:00,30.2,1016.4,89,141,3.4,0.7,10095.4
55773,2021-04-01 10:16:00,4.5,1014.5,54,319,7.9,0.3,10225.0
56106,2021-04-01 10:16:00,7.5,1018.9,38,134,4.8,1.0,10343.4
56116,2021-04-01 10:16:00,11.4,1006.4,1,36,14.9,1.2,10123.4
56137,2021-04-01 10:16:00,33.8,1004.9,19,342,4.6,1.4,10258.9
56202,2021-04-01 10:16:00,9.5,1017.3,65,318,7.8,0.6,10071.5
56223,2021-04-01 10:16:00,32.3,1003.5,26,171,7.9,1.0,10233.4
56227,2021-04-01 10:16:00,15.3,1002.8,4,276,3.9,1.5,10430.8
56312,2021-04-01 10:16:00,19.1,1020.1,71,284,3.2,0.0,10416.9
56331,2021-04-01 10:16:00,28.5,1000.4,82,181,1.4,1.4,10184.9
56434,2021-04-01 10:16:00,10.8,1003.4,30,204,12.1,0.2,10063.7
51053,2021-04-01 10:16:00,31.2,1006.3,35,321,12.8,1.3,10307.3
51059,2021-04-01 10:16:00,4.5,1002.2,2,317,13.8,0.0,10404.0
51060,2021-04-01 10:16:00,34.0,1003.4,41,121,11.5,0.9,10346.8
51068,2021-04-01 10:16:00,2.2,1010.9,67,335,13.5,0.3,10027.3
51076,2021-04-01 10:16:00,11.9,1019.8,88,150,12.8,1.3,10360.7
51087,2021-04-01 10:16:00,4.6,1011.5,73,55,10.3,0.9,10007.3
51133,2021-04-01 10:16:00,29.3,1014.9,79,156,11.4,1.0,10127.2
51156,2021-04-01 10:16:00,30.5,1018.8,85,253,6.5,0.6,10217.2
51186,2021-04-01 10:16:00,1.5,1004.9,73,359,5.5,0.3,10436.8
51232,2021-04-01 10:16:00,8.1,1026.3,65,110,4.5,0.8,10423.1
51238,2021-04-01 10:16:00,1.3,1021.2,3,82,6.1,0.0,10374.5
51241,2021-04-01 10:16:00,27.2,1018.7,29,351,14.5,0.1,10082.0
51243,2021-04-01 10:16:00,31.0,1010.2,66,335,6.9,0.1,10144.4
51288,2021-04-01 10:16:00,13.6,1006.8,49,217,3.3,0.8,10145.3
51330,2021-04-01 10:16:00,26.8,1014.1,18,99,11.3,1.5,10056.2
51334,2021-04-01 10:16:00,12.4,1019.1,33,244,10.5,0.0,10420.2
51346,2021-04-01 10:16:00,33.7,1002.4,92,63,14.7,0.0,10292.7
51358,2021-04-01 10:16:00,17.8,1026.0,5,242,14.6,0.8,10213.1
51365,2021-04-01 10:16:00,21.5,1004.2,52,220,2.0,0.0,10337.7
51367,2021-04-01 10:16:00,22.4,1022.6,14,51,14.2,0.1,10059.3
51379,2021-04-01 10:16:00,28.7,1009.5,35,309,8.9,1.0,10300.1
51431,2021-04-01 10:16:00,21.3,1007.4,95,166,3.2,0.7,10208.8
51433,2021-04-01 10:16:00,20.2,1019.0,53,109,7.4,1.5,10360.1
51437,2021-04-01 10:16:00,34.4,1017.8,15,271,11.4,1.5,10042.5
51463,2021-04-01 10:16:00,9.5,1022.0,11,67,13.7,1.3,10070.7
51467,2021-04-01 10:16:00,9.1,1003.3,26,35,10.9,0.7,10026.7
51469,2021-04-01 10:16:00,25.6,1007.7,23,303,13.0,0.6,10389.4
51470,2021-04-01 10:16:00,4.3,1021.9,8,73,10.4,0.1,10458.0
51477,2021-04-01 10:16:00,31.2,1001.2,80,270,7.9,0.6,10155.0
51495,2021-04-01 10:16:00,22.8,1014.2,50,203,1.2,1.4,10460.7
51526,2021-04-01 10:16:00,14.3,1001.3,84,337,2.2,0.1,10283.7
51542,2021-04-01 10:16:00,12.2,1011.8,78,281,1.2,1.2,10076.2
51567,2021-04-01 10:16:00,13.8,1002.4,51,250,6.2,1.4,10384.4
51573,2021-04-01 10:16:00,21.0,1020.7,10,140,1.1,0.3,10364.0
51581,2021-04-01 10:16:00,34.1,1012.5,66,68,3.3,0.4,10005.8
51628,2021-04-01 10:16:00,2.6,1002.6,11,110,8.9,0.3,10008.3
51633,2021-04-01 10:16:00,17.5,1007.4,38,322,8.5,1.2,10353.7
51639,2021-04-01 10:16:00,33.0,1006.2,86,251,9.4,1.5,10236.5
51642,2021-04-01 10:16:00,20.7,1001.6,7,150,4.3,1.1,10074.6
51644,2021-04-01 10:16:00,15.5,1026.4,49,215,7.7,0.6,10465.2
51655,2021-04-01 10:16:00,20.9,1024.2,22,141,7.3,0.6,10024.5
51656,2021-04-01 10:16:00,7.5,1017.0,61,178,12.2,0.2,10430.8
51701,2021-04-01 10:16:00,5.8,1013.3,53,103,5.1,1.0,10214.1
51704,2021-04-01 10:16:00,21.4,1008.6,37,313,5.3,0.0,10416.5
51705,2021-04-01 10:16:00,13.6,1025.2,59,109,3.9,0.3,10368.3
51709,2021-04-01 10:16:00,8.9,1002.6,71,144,4.4,0.6,10099.1
51711,2021-04-01 10:16:00,33.5,1009.3,85,187,7.1,1.2,10458.1
51716,2021-04-01 10:16:00,8.7,1019.9,69,59,8.0,0.0,10485.7
51720,2021-04-01 10:16:00,13.1,1003.0,54,68,3.2,1.1,10159.3
51730,2021-04-01 10:16:00,13.8,1002.4,93,198,3.5,0.6,10395.7
51747,2021-04-01 10:16:00,30.4,1006.2,46,28,2.1,0.1,10026.3
51765,2021-04-01 10:16:00,9.3,1020.2,50,19,6.6,0.9,10124.9
51777,2021-04-01 10:16:00,7.0,1006.3,35,226,1.3,1.5,10430.8
51804,2021-04-01 10:16:00,25.3,1021.7,73,221,14.6,1.2,10479.3
51810,2021-04-01 10:16:00,7.7,1001.6,23,163,2.0,0.3,10123.8
51811,2021-04-01 10:16:00,33.6,1004.0,99,50,1.7,0.0,10040.9
51818,2021-04-01 10:16:00,5.2,1021.7,52,327,4.3,1.3,10137.2
51828,2021-04-01 10:16:00,34.5,1015.7,29,356,2.9,0.0,10108.2
51839,2021-04-01 10:16:00,21.5,1005.8,89,200,14.6,0.6,10417.4
51855,2021-04-01 10:16:00,24.4,1003.8,40,192,3.3,0.1,10011.3
51931,2021-04-01 10:16:00,1.6,1025.7,64,149,10.7,1.0,10437.1
52101,2021-04-01 10:16:00,26.1,1009.3,2,138,13.0,1.3,10212.6
52112,2021-04-01 10:16:00,8.8,1023.8,96,148,5.1,1.2,10211.3
52118,2021-04-01 10:16:00,1.1,1007.8,28,4,8.4,0.2,10014.3
52203,2021-04-01 10:16:00,9.9,1004.4,31,160,4.3,0.5,10494.5
52313,2021-04-01 10:16:00,29.4,1008.3,90,150,11.6,1.5,10278.9
56444,2021-04-01 10:16:00,2.9,1025.7,28,151,10.6,0.7,10179.1
56533,2021-04-01 10:16:00,14.5,1002.4,4,227,0.9,1.4,10085.3
56543,2021-04-01 10:16:00,2.1,1001.7,52,83,10.3,0.9,10266.7
56548,2021-04-01 10:16:00,4.4,1021.0,46,267,14.3,1.0,10319.6
56586,2021-04-01 10:16:00,30.8,1025.7,63,310,5.2,0.2,10151.8
56643,2021-04-01 10:16:00,12.2,1020.8,25,67,7.4,0.7,10479.1
56651,2021-04-01 10:16:00,12.8,1005.5,98,139,10.7,0.0,10459.9
56664,2021-04-01 10:16:00,28.5,1016.3,78,318,6.3,0.2,10130.0
56684,2021-04-01 10:16:00,17.6,1021.1,60,240,14.0,1.3,10184.4
56739,2021-04-01 10:16:00,31.9,1015.6,57,252,7.6,0.4,10202.8
56748,2021-04-01 10:16:00,24.3,1007.0,99,46,12.2,1.2,10223.5
56751,2021-04-01 10:16:00,0.4,1009.3,12,341,8.4,0.8,10168.0
56763,2021-04-01 10:16:00,16.5,1018.0,10,106,2.6,0.8,10123.1
56768,2021-04-01 10:16:00,3.2,1022.4,61,163,10.3,1.2,10175.4
56778,2021-04-01 10:16:00,9.5,1019.4,92,202,1.1,0.6,10081.3
56786,2021-04-01 10:16:00,17.5,1025.0,38,24,14.0,0.8,10150.9
56838,2021-04-01 10:16:00,20.3,1017.3,9,34,0.3,0.5,10102.8
56856,2021-04-01 10:16:00,27.6,1019.0,59,82,2.7,1.4,10282.2
56872,2021-04-01 10:16:00,20.8,1013.7,85,301,13.8,1.2,10391.2
56875,2021-04-01 10:16:00,10.4,1025.8,16,304,5.8,0.0,10442.9
56886,2021-04-01 10:16:00,10.6,1021.9,6,175,4.5,0.5,10169.7
56946,2021-04-01 10:16:00,20.7,1023.8,82,32,2.0,1.1,10423.9
56950,2021-04-01 10:16:00,5.3,1023.1,52,259,10.0,1.1,10335.2
56951,2021-04-01 10:16:00,5.5,1017.3,89,49,13.3,0.0,10246.6
56954,2021-04-01 10:16:00,16.8,1022.5,74,104,6.5,1.4,10222.3
56959,2021-04-01 10:16:00,8.0,1014.6,21,150,8.1,1.3,10380.7
56964,2021-04-01 10:16:00,33.2,1020.6,81,51,5.7,1.5,10296.9
56966,2021-04-01 10:16:00,21.0,1019.1,76,238,13.6,0.0,10204.7
56969,2021-04-01 10:16:00,3.9,1014.2,66,153,8.2,0.3,10393.0
56977,2021-04-01 10:16:00,13.0,1009.8,29,91,11.9,0.0,10312.6
56985,2021-04-01 10:16:00,21.3,1003.8,69,204,9.9,0.9,10154.8
56986,2021-04-01 10:16:00,9.5,1017.9,90,269,0.5,0.5,10278.2
56991,2021-04-01 10:16:00,23.9,1013.6,12,314,0.5,0.5,10183.0
59007,2021-04-01 10:16:00,23.4,1016.3,90,39,9.3,0.5,10341.2
58448,2021-04-01 10:16:00,28.0,1017.5,25,187,7.5,1.3,10401.5
58450,2021-04-01 10:16:00,6.5,1022.6,79,16,8.0,0.4,10292.6
58457,2021-04-01 10:16:00,2.4,1003.0,29,272,6.6,0.4,10332.0
58464,2021-04-01 10:16:00,34.5,1007.4,30,120,3.7,1.0,10498.9
58467,2021-04-01 10:16:00,11.9,1014.7,3,57,1.4,1.4,10227.0
58472,2021-04-01 10:16:00,11.0,1014.6,37,218,6.7,1.1,10000.0
58477,2021-04-01 10:16:00,8.0,1017.5,64,210,12.0,0.0,10066.0
58543,2021-04-01 10:16:00,33.1,1012.4,73,1,0.3,0.9,10153.2
58549,2021-04-01 10:16:00,11.6,1026.1,26,64,11.8,1.1,10326.6
58553,2021-04-01 10:16:00,6.6,1021.8,88,3,7.7,1.1,10392.7
58556,2021-04-01 10:16:00,7.0,1012.2,49,6,2.9,0.8,10352.6
58557,2021-04-01 10:16:00,5.3,1021.6,63,139,4.0,0.6,10088.5
58562,2021-04-01 10:16:00,24.8,1020.5,27,247,6.6,0.7,10323.9
58569,2021-04-01 10:16:00,1.6,1007.0,86,98,13.5,0.0,10242.3
58633,2021-04-01 10:16:00,11.9,1008.3,84,199,14.2,0.4,10303.2
58646,2021-04-01 10:16:00,8.5,1018.1,47,21,0.2,0.8,10121.8
58652,2021-04-01 10:16:00,1.6,1003.7,66,129,3.7,0.3,10308.3
58665,2021-04-01 10:16:00,29.6,1010.1,40,211,2.8,0.1,10269.1
58666,2021-04-01 10:16:00,34.4,1009.4,51,256,9.9,1.4,10360.3
58667,2021-04-01 10:16:00,31.1,1006.8,98,144,6.4,0.3,10439.3
58742,2021-04-01 10:16:00,22.3,1010.5,51,122,0.2,1.2,10346.2
58752,2021-04-01 10:16:00,18.7,1025.3,84,276,11.2,1.0,10478.6
58760,2021-04-01 10:16:00,2.6,1024.6,49,334,0.1,0.7,10360.0
57348,2021-04-01 10:16:00,22.3,1016.0,71,154,0.3,0.3,10455.5
57426,2021-04-01 10:16:00,9.7,1008.9,49,95,12.2,0.6,10295.1
57432,2021-04-01 10:16:00,18.4,1010.8,53,118,3.4,1.5,10433.9
57502,2021-04-01 10:16:00,31.1,1010.1,55,346,1.3,1.4,10302.7
57512,2021-04-01 10:16:00,12.2,1019.3,25,316,3.8,1.4,10382.5
57516,2021-04-01 10:16:00,8.0,1008.6,22,310,13.0,0.9,10068.4
57517,2021-04-01 10:16:00,7.9,1014.5,95,39,14.0,1.0,10461.9
57520,2021-04-01 10:16:00,21.0,1017.0,64,80,4.7,0.9,10131.2
57523,2021-04-01 10:16:00,23.4,1011.4,49,66,2.9,1.2,10027.5
57536,2021-04-01 10:16:00,18.8,1017.0,6,41,13.6,0.7,10145.3
57612,2021-04-01 10:16:00,8.2,1019.8,70,143,2.0,0.4,10330.3
57633,2021-04-01 10:16:00,28.1,1007.4,4,95,10.2,0.3,10489.5
