58015,2021-04-01 09:53:00,13.1,1025.5,58,257,6.1,0.0,10358.3
58102,2021-04-01 09:53:00,2.2,1007.9,34,179,7.2,1.0,10345.2
58118,2021-04-01 09:53:00,2.0,1018.8,5,87,3.2,0.3,10479.6
58122,2021-04-01 09:53:00,3.3,1014.8,23,308,2.0,0.2,10222.4
58203,2021-04-01 09:53:00,2.3,1018.8,44,317,8.8,0.8,10326.0
58215,2021-04-01 09:53:00,27.8,1004.2,64,325,13.9,0.9,10146.5
58221,2021-04-01 09:53:00,34.0,1012.5,48,234,12.1,1.5,10493.6
58225,2021-04-01 09:53:00,15.0,1009.9,51,11,13.2,0.0,10349.4
58236,2021-04-01 09:53:00,6.0,1008.0,68,56,6.8,0.2,10210.8
58311,2021-04-01 09:53:00,19.7,1014.0,33,320,10.9,0.7,10038.3
58314,2021-04-01 09:53:00,24.2,1008.6,15,159,10.4,0.9,10455.5
58319,2021-04-01 09:53:00,17.7,1000.7,59,190,5.6,1.2,10273.0
58321,2021-04-01 09:53:00,32.6,1008.8,54,33,6.0,0.8,10462.4
58326,2021-04-01 09:53:00,17.4,1005.5,48,171,5.2,1.1,10329.4
58336,2021-04-01 09:53:00,29.6,1000.2,71,222,12.5,0.0,10035.8
58338,2021-04-01 09:53:00,25.3,1005.0,100,214,1.7,0.1,10400.0
58414,2021-04-01 09:53:00,2.9,1022.8,31,245,0.3,0.7,10294.3
58419,2021-04-01 09:53:00,9.1,1025.8,42,85,9.5,0.8,10076.5
58424,2021-04-01 09:53:00,30.3,1006.7,42,210,0.1,0.7,10198.7
58429,2021-04-01 09:53:00,18.3,1000.9,99,266,0.1,1.3,10413.1
58436,2021-04-01 09:53:00,31.2,1011.6,50,195,7.6,0.4,10340.2
58437,2021-04-01 09:53:00,15.5,1025.5,73,298,7.3,0.1,10478.6
58520,2021-04-01 09:53:00,19.8,1014.0,86,247,7.7,1.4,10315.0
58531,2021-04-01 09:53:00,21.9,1002.1,55,295,4.2,0.0,10257.2
54406,2021-04-01 09:53:00,33.2,1023.9,26,354,10.8,1.5,10404.8
54416,2021-04-01 09:53:00,20.9,1011.5,72,120,12.0,0.7,10331.3
54511,2021-04-01 09:53:00,0.8,1018.8,15,24,6.5,1.1,10059.7
58725,2021-04-01 09:53:00,25.4,1011.7,15,3,11.8,0.4,10096.2
58730,2021-04-01 09:53:00,19.2,1016.1,44,137,12.2,1.3,10368.9
58731,2021-04-01 09:53:00,10.4,1016.4,82,159,0.1,0.8,10021.0
58734,2021-04-01 09:53:00,22.3,1009.4,58,247,5.9,1.2,10159.3
58737,2021-04-01 09:53:00,12.8,1022.8,69,200,0.3,1.0,10128.9
58744,2021-04-01 09:53:00,14.0,1022.5,75,26,12.1,0.1,10437.2
58754,2021-04-01 09:53:00,34.3,1024.8,68,76,8.4,0.0,10043.0
58818,2021-04-01 09:53:00,11.2,1015.5,87,199,0.6,1.2,10364.1
58820,2021-04-01 09:53:00,25.2,1008.0,11,153,14.5,0.6,10003.5
58834,2021-04-01 09:53:00,1.7,1018.5,57,104,6.1,1.0,10419.6
58837,2021-04-01 09:53:00,29.1,1014.5,59,328,14.0,1.3,10254.8
58843,2021-04-01 09:53:00,3.0,1014.0,53,302,3.2,1.1,10315.0
58846,2021-04-01 09:53:00,7.2,1012.7,1,7,5.7,1.0,10422.8
58847,2021-04-01 09:53:00,13.7,1016.6,14,335,10.3,0.5,10188.2
58911,2021-04-01 09:53:00,2.7,1004.2,42,211,10.4,0.7,10309.6
58918,2021-04-01 09:53:00,22.3,1007.1,89,19,10.2,0.1,10050.0
58921,2021-04-01 09:53:00,7.8,1018.4,56,15,12.1,0.3,10275.8
58926,2021-04-01 09:53:00,32.5,1010.8,83,64,6.1,0.7,10054.0
58927,2021-04-01 09:53:00,34.8,1011.2,19,313,11.9,0.8,10130.2
58931,2021-04-01 09:53:00,8.5,1019.3,20,47,14.0,0.8,10168.8
58933,2021-04-01 09:53:00,34.5,1021.8,74,142,13.7,0.4,10102.5
58936,2021-04-01 09:53:00,8.5,1007.3,93,338,5.6,1.1,10119.5
58944,2021-04-01 09:53:00,25.6,1019.7,15,325,9.1,0.8,10429.8
59113,2021-04-01 09:53:00,29.4,1025.6,7,125,1.2,1.0,10186.0
59126,2021-04-01 09:53:00,24.6,1001.6,97,130,3.9,0.5,10312.8
59133,2021-04-01 09:53:00,19.5,1021.6,91,208,3.9,1.1,10351.7
59134,2021-04-01 09:53:00,32.4,1015.2,53,76,3.4,0.6,10499.8
59321,2021-04-01 09:53:00,1.9,1014.6,73,140,14.9,0.3,10166.1
52323,2021-04-01 09:53:00,6.0,1024.7,84,27,9.5,1.5,10032.8
52418,2021-04-01 09:53:00,11.4,1024.2,51,354,0.3,0.4,10029.0
52424,2021-04-01 09:53:00,11.9,1015.9,85,182,4.1,0.0,10302.0
52436,2021-04-01 09:53:00,9.2,1019.0,66,246,5.8,1.3,10251.0
52446,2021-04-01 09:53:00,13.0,1024.5,25,173,2.9,0.3,10150.2
52447,2021-04-01 09:53:00,32.0,1020.3,11,182,9.0,1.2,10033.6
52533,2021-04-01 09:53:00,15.5,1011.1,35,83,8.6,0.6,10179.9
52546,2021-04-01 09:53:00,14.2,1017.2,49,315,1.2,0.1,10066.9
52652,2021-04-01 09:53:00,2.9,1019.5,9,321,7.7,0.8,10148.8
52661,2021-04-01 09:53:00,26.4,1014.2,48,305,8.2,1.3,10002.0
52674,2021-04-01 09:53:00,7.8,1020.6,29,161,2.7,0.3,10067.0
52679,2021-04-01 09:53:00,14.9,1017.6,2,31,3.8,0.2,10060.8
52681,2021-04-01 09:53:00,18.3,1009.7,61,194,12.4,0.0,10293.8
52787,2021-04-01 09:53:00,5.9,1012.9,15,143,9.8,0.1,10100.9
52797,2021-04-01 09:53:00,27.4,1001.2,97,8,9.3,0.9,10433.3
52884,2021-04-01 09:53:00,19.9,1006.0,46,346,7.1,0.2,10051.0
52895,2021-04-01 09:53:00,1.1,1015.5,29,212,2.0,0.8,10144.3
52983,2021-04-01 09:53:00,18.1,1022.7,48,60,6.8,1.3,10120.3
52984,2021-04-01 09:53:00,25.1,1007.0,65,280,9.7,1.2,10261.6
52986,2021-04-01 09:53:00,6.9,1019.4,90,86,2.9,1.4,10371.7
52996,2021-04-01 09:53:00,3.5,1009.2,83,53,13.5,0.6,10218.3
53821,2021-04-01 09:53:00,30.3,1024.7,17,223,11.4,1.1,10266.7
53915,2021-04-01 09:53:00,16.1,1002.0,72,131,10.2,0.3,10398.2
53923,2021-04-01 09:53:00,21.5,1010.0,12,194,3.9,0.4,10430.3
56074,2021-04-01 09:53:00,17.4,1024.6,66,342,7.1,1.1,10319.2
56080,2021-04-01 09:53:00,16.5,1007.1,65,45,6.5,0.5,10423.8
56093,2021-04-01 09:53:00,1.5,1013.9,29,75,2.1,0.0,10238.5
56096,2021-04-01 09:53:00,15.4,1004.4,71,127,3.9,1.4,10352.5
57014,2021-04-01 09:53:00,24.8,1016.8,35,312,2.5,0.3,10223.9
57996,2021-04-01 09:53:00,24.4,1021.0,14,256,6.1,0.5,10332.9
59072,2021-04-01 09:53:00,34.9,1024.3,46,139,10.5,0.2,10380.8
59082,2021-04-01 09:53:00,13.6,1021.3,94,174,1.7,0.0,10455.5
59087,2021-04-01 09:53:00,12.4,1001.2,55,82,4.0,0.0,10339.8
59088,2021-04-01 09:53:00,27.0,1025.4,73,325,3.9,0.9,10188.7
59096,2021-04-01 09:53:00,10.0,1010.2,99,150,2.3,0.4,10403.9
59097,2021-04-01 09:53:00,28.5,1000.7,17,88,5.0,0.5,10151.0
59107,2021-04-01 09:53:00,32.6,1025.7,96,70,7.9,1.0,10282.2
59116,2021-04-01 09:53:00,1.2,1000.8,19,289,7.8,1.0,10253.2
59117,2021-04-01 09:53:00,5.4,1025.7,81,0,4.2,0.7,10366.0
59271,2021-04-01 09:53:00,21.0,1014.7,93,207,9.9,0.0,10474.5
59278,2021-04-01 09:53:00,25.5,1021.9,23,230,4.9,0.1,10490.0
59280,2021-04-01 09:53:00,0.8,1001.2,26,90,10.8,0.0,10131.9
59287,2021-04-01 09:53:00,0.7,1004.3,48,347,6.8,0.7,10088.4
59289,2021-04-01 09:53:00,20.9,1021.3,31,219,8.7,0.2,10441.9
59293,2021-04-01 09:53:00,12.6,1020.4,86,147,5.5,0.7,10485.2
59294,2021-04-01 09:53:00,25.7,1012.5,12,345,4.4,1.2,10185.4
59298,2021-04-01 09:53:00,31.7,1012.1,28,142,2.5,0.2,10272.8
59303,2021-04-01 09:53:00,16.0,1001.4,30,277,1.4,0.7,10034.0
59304,2021-04-01 09:53:00,15.6,1007.0,15,100,6.9,1.1,10388.1
59306,2021-04-01 09:53:00,22.5,1023.2,39,221,13.4,0.1,10114.2
59310,2021-04-01 09:53:00,30.1,1022.6,55,203,7.8,0.9,10322.2
59316,2021-04-01 09:53:00,10.4,1017.3,28,262,6.4,0.1,10188.0
59317,2021-04-01 09:53:00,1.5,1026.3,96,232,0.4,0.5,10039.9
59324,2021-04-01 09:53:00,4.7,1015.5,54,272,11.9,0.7,10072.6
59456,2021-04-01 09:53:00,22.6,1019.9,5,184,3.7,0.6,10201.9
59462,2021-04-01 09:53:00,26.3,1012.7,45,232,0.2,0.0,10250.7
59478,2021-04-01 09:53:00,9.6,1001.9,86,136,14.7,1.2,10400.2
59485,2021-04-01 09:53:00,5.9,1005.8,3,321,10.6,1.1,10297.6
59488,2021-04-01 09:53:00,13.5,1022.5,72,261,4.6,1.2,10206.5
59493,2021-04-01 09:53:00,33.2,1023.3,33,191,13.2,0.4,10397.3
59501,2021-04-01 09:53:00,25.1,1002.2,51,192,3.1,0.7,10145.1
59658,2021-04-01 09:53:00,33.6,1012.0,79,186,11.3,0.0,10056.7
59663,2021-04-01 09:53:00,24.3,1024.6,54,197,9.1,1.2,10297.5
59664,2021-04-01 09:53:00,29.6,1015.1,44,70,14.5,0.7,10480.9
59673,2021-04-01 09:53:00,20.3,1017.7,98,156,6.0,1.1,10171.0
59754,2021-04-01 09:53:00,31.3,1025.6,70,44,0.8,1.5,10153.6
57947,2021-04-01 09:53:00,3.3,1009.3,31,355,2.4,1.5,10461.4
57957,2021-04-01 09:53:00,24.7,1012.2,71,334,6.8,0.9,10423.3
57958,2021-04-01 09:53:00,30.4,1016.9,99,85,5.2,1.5,10240.2
59021,2021-04-01 09:53:00,17.2,1026.3,82,105,3.7,0.3,10002.1
59023,2021-04-01 09:53:00,33.3,1021.0,94,159,3.6,0.7,10453.5
59027,2021-04-01 09:53:00,6.9,1000.6,60,108,12.5,0.6,10453.1
59037,2021-04-01 09:53:00,27.5,1025.7,60,31,9.2,0.2,10122.1
59046,2021-04-01 09:53:00,9.9,1012.7,22,136,0.8,0.2,10366.1
59058,2021-04-01 09:53:00,33.9,1001.2,44,292,11.0,0.4,10083.1
59065,2021-04-01 09:53:00,22.4,1025.9,80,86,7.5,0.2,10397.4
59209,2021-04-01 09:53:00,14.0,1022.2,70,325,2.2,0.4,10009.0
59211,2021-04-01 09:53:00,19.8,1019.8,69,340,4.6,0.5,10273.6
59218,2021-04-01 09:53:00,11.4,1014.6,82,181,10.3,0.5,10450.2
59228,2021-04-01 09:53:00,26.4,1006.3,58,351,12.9,0.4,10116.7
59242,2021-04-01 09:53:00,6.0,1010.6,5,126,5.3,1.3,10368.1
59254,2021-04-01 09:53:00,31.5,1017.4,65,151,9.2,0.9,10182.9
59265,2021-04-01 09:53:00,7.0,1021.1,20,236,7.2,0.5,10095.8
59417,2021-04-01 09:53:00,3.6,1018.3,44,73,9.3,0.0,10197.6
59431,2021-04-01 09:53:00,6.8,1013.3,76,209,2.4,1.5,10446.7
59446,2021-04-01 09:53:00,0.8,1010.2,93,115,11.3,1.2,10207.8
59453,2021-04-01 09:53:00,15.5,1021.6,99,80,1.8,0.5,10295.0
59626,2021-04-01 09:53:00,5.7,1001.2,47,190,0.2,0.9,10280.0
59631,2021-04-01 09:53:00,18.4,1017.0,22,153,13.8,0.0,10327.9
59632,2021-04-01 09:53:00,18.6,1008.1,43,22,9.0,1.4,10326.9
59644,2021-04-01 09:53:00,16.4,1005.1,44,131,8.4,0.1,10199.7
59647,2021-04-01 09:53:00,33.3,1023.0,60,335,3.7,0.5,10226.2
56691,2021-04-01 09:53:00,13.1,1024.5,82,142,9.6,0.6,10059.2
56693,2021-04-01 09:53:00,19.9,1005.4,70,89,8.6,0.4,10261.1
56792,2021-04-01 09:53:00,15.9,1022.8,93,342,14.1,1.1,10259.8
56793,2021-04-01 09:53:00,11.5,1003.6,9,178,4.6,0.3,10296.7
57606,2021-04-01 09:53:00,30.3,1023.4,92,99,7.9,0.4,10127.0
57614,2021-04-01 09:53:00,26.9,1001.1,37,334,13.5,1.0,10385.0
57625,2021-04-01 09:53:00,6.3,1017.2,59,194,12.0,1.4,10367.5
57647,2021-04-01 09:53:00,12.1,1006.9,34,308,2.2,0.5,10445.3
57707,2021-04-01 09:53:00,2.7,1007.9,45,16,4.3,1.5,10484.7
57710,2021-04-01 09:53:00,30.1,1010.1,10,192,4.2,1.3,10088.7
57712,2021-04-01 09:53:00,26.0,1020.7,34,15,7.9,0.3,10425.3
57718,2021-04-01 09:53:00,22.2,1003.5,98,244,3.7,0.2,10172.9
57722,2021-04-01 09:53:00,14.0,1014.7,75,60,4.2,1.4,10176.9
57729,2021-04-01 09:53:00,27.5,1015.5,76,34,1.7,1.2,10130.8
57731,2021-04-01 09:53:00,24.3,1004.9,38,71,14.1,0.7,10472.3
57741,2021-04-01 09:53:00,12.0,1024.1,61,45,6.4,0.2,10096.8
57803,2021-04-01 09:53:00,27.8,1013.2,98,40,7.0,1.5,10058.7
57805,2021-04-01 09:53:00,32.3,1024.0,81,173,9.5,0.8,10179.5
57806,2021-04-01 09:53:00,27.8,1023.4,40,36,13.0,1.2,10363.6
57816,2021-04-01 09:53:00,4.5,1023.4,19,327,6.8,1.1,10186.1
57825,2021-04-01 09:53:00,24.3,1007.4,66,105,3.1,0.6,10416.6
57827,2021-04-01 09:53:00,12.6,1003.0,91,249,2.7,1.4,10100.0
57832,2021-04-01 09:53:00,33.0,1022.0,44,347,7.7,1.0,10396.0
57839,2021-04-01 09:53:00,17.5,1013.0,36,193,11.2,0.5,10444.5
57840,2021-04-01 09:53:00,33.0,1004.4,9,274,2.3,0.9,10396.1
57902,2021-04-01 09:53:00,14.9,1015.4,97,12,12.5,1.0,10368.3
57906,2021-04-01 09:53:00,32.9,1025.6,10,207,14.3,1.2,10229.0
57907,2021-04-01 09:53:00,27.1,1024.3,83,292,9.8,1.3,10041.1
57910,2021-04-01 09:53:00,34.3,1004.3,51,142,10.9,0.2,10418.8
57912,2021-04-01 09:53:00,0.7,1002.1,8,352,7.5,0.0,10019.1
57916,2021-04-01 09:53:00,0.5,1020.1,91,225,5.7,1.5,10490.8
57922,2021-04-01 09:53:00,0.7,1009.3,52,285,14.1,1.4,10167.5
57926,2021-04-01 09:53:00,13.0,1020.8,76,284,7.6,1.3,10111.5
57932,2021-04-01 09:53:00,2.1,1008.2,8,251,7.3,0.7,10475.0
59758,2021-04-01 09:53:00,25.2,1011.3,72,183,6.9,0.2,10343.5
59838,2021-04-01 09:53:00,21.2,1004.1,94,192,11.7,0.4,10161.5
59845,2021-04-01 09:53:00,6.3,1008.3,68,92,13.4,0.6,10078.5
59849,2021-04-01 09:53:00,10.6,1023.6,57,350,0.8,0.7,10101.5
59855,2021-04-01 09:53:00,0.5,1000.0,89,5,0.5,0.4,10183.8
59948,2021-04-01 09:53:00,30.7,1015.4,50,148,13.7,1.4,10482.6
59954,2021-04-01 09:53:00,6.5,1019.8,2,235,6.9,0.0,10276.6
59981,2021-04-01 09:53:00,4.7,1008.7,25,135,3.3,0.4,10412.5
53399,2021-04-01 09:53:00,25.0,1023.3,40,138,12.8,0.4,10351.6
53593,2021-04-01 09:53:00,3.0,1008.5,56,103,11.4,0.8,10071.9
53698,2021-04-01 09:53:00,27.8,1005.6,64,18,8.5,0.0,10200.5
53798,2021-04-01 09:53:00,31.7,1018.5,41,49,4.9,1.3,10374.5
54308,2021-04-01 09:53:00,9.5,1015.1,43,109,4.9,1.4,10352.4
54311,2021-04-01 09:53:00,30.4,1000.0,75,296,10.0,0.1,10304.5
54401,2021-04-01 09:53:00,21.2,1007.6,3,157,3.4,0.9,10272.5
54405,2021-04-01 09:53:00,6.6,1010.3,1,167,11.8,0.1,10307.2
54423,2021-04-01 09:53:00,17.7,1006.2,14,243,1.3,0.7,10482.6
54429,2021-04-01 09:53:00,11.1,1003.9,44,53,10.1,1.3,10014.5
54436,2021-04-01 09:53:00,25.2,1021.5,41,129,8.8,1.4,10268.7
54449,2021-04-01 09:53:00,30.9,1016.4,15,114,9.2,0.3,10312.1
54518,2021-04-01 09:53:00,13.3,1004.0,11,101,7.2,1.1,10039.9
54534,2021-04-01 09:53:00,31.9,1018.6,73,230,12.2,0.7,10296.2
54535,2021-04-01 09:53:00,32.3,1021.6,5,305,3.8,1.2,10358.6
54539,2021-04-01 09:53:00,33.4,1014.6,87,92,14.7,0.0,10194.3
54602,2021-04-01 09:53:00,22.2,1010.2,21,173,12.9,0.3,10461.9
54606,2021-04-01 09:53:00,6.3,1001.8,75,347,4.1,1.0,10464.2
54618,2021-04-01 09:53:00,8.0,1011.6,34,178,14.9,1.3,10220.3
54624,2021-04-01 09:53:00,30.1,1020.9,63,66,2.2,0.8,10069.8
54705,2021-04-01 09:53:00,0.5,1013.6,18,72,7.0,1.3,10402.6
53898,2021-04-01 09:53:00,8.3,1013.2,4,101,8.3,0.9,10344.6
53986,2021-04-01 09:53:00,7.3,1007.3,31,250,13.6,1.5,10179.9
57051,2021-04-01 09:53:00,1.3,1016.7,97,96,3.8,0.6,10281.5
57067,2021-04-01 09:53:00,7.1,1013.6,14,193,6.2,0.6,10475.4
57071,2021-04-01 09:53:00,22.9,1023.7,15,24,4.4,1.3,10170.8
57077,2021-04-01 09:53:00,7.3,1012.6,31,244,12.1,0.0,10334.7
57083,2021-04-01 09:53:00,27.9,1005.5,76,166,8.0,0.3,10395.3
57084,2021-04-01 09:53:00,18.7,1004.3,70,141,14.4,0.3,10143.6
57089,2021-04-01 09:53:00,12.6,1019.0,16,293,8.7,0.5,10024.0
57091,2021-04-01 09:53:00,20.2,1025.3,68,93,14.6,0.2,10073.6
57156,2021-04-01 09:53:00,23.8,1014.5,65,238,3.6,1.1,10205.5
57178,2021-04-01 09:53:00,2.3,1026.4,52,136,9.9,0.4,10288.3
57181,2021-04-01 09:53:00,26.2,1004.5,89,224,12.3,0.4,10077.2
57193,2021-04-01 09:53:00,23.2,1021.5,80,288,13.6,0.6,10003.1
57285,2021-04-01 09:53:00,25.2,1007.6,32,302,5.9,0.7,10484.6
57290,2021-04-01 09:53:00,8.3,1004.3,10,203,0.4,0.4,10018.7
57297,2021-04-01 09:53:00,0.3,1002.9,74,272,4.2,0.6,10449.8
58005,2021-04-01 09:53:00,18.0,1025.8,7,239,0.3,0.1,10269.7
58111,2021-04-01 09:53:00,18.1,1010.8,43,324,3.0,0.5,10355.5
58208,2021-04-01 09:53:00,32.1,1015.6,11,296,6.1,0.7,10360.2
50136,2021-04-01 09:53:00,7.3,1021.8,3,184,11.8,0.8,10381.9
50246,2021-04-01 09:53:00,20.2,1017.0,85,317,6.0,0.6,10455.6
50247,2021-04-01 09:53:00,11.2,1022.5,89,67,5.9,1.0,10467.2
50349,2021-04-01 09:53:00,32.4,1018.4,10,42,2.7,0.7,10286.8
50353,2021-04-01 09:53:00,25.7,1025.1,22,220,12.6,0.3,10159.2
50442,2021-04-01 09:53:00,25.6,1013.8,13,186,4.5,1.3,10023.4
50468,2021-04-01 09:53:00,18.7,1010.9,45,93,1.5,0.0,10375.1
50557,2021-04-01 09:53:00,27.9,1020.0,64,169,6.9,0.0,10395.2
50564,2021-04-01 09:53:00,5.5,1001.3,22,220,3.6,1.0,10163.2
50656,2021-04-01 09:53:00,22.9,1000.6,38,159,7.7,1.0,10229.3
50658,2021-04-01 09:53:00,2.7,1002.6,54,332,4.0,0.5,10100.4
50674,2021-04-01 09:53:00,16.1,1015.2,38,15,4.7,0.0,10007.0
50739,2021-04-01 09:53:00,27.0,1011.7,8,188,6.7,0.0,10178.0
50742,2021-04-01 09:53:00,26.4,1014.9,62,79,14.8,1.5,10120.7
50745,2021-04-01 09:53:00,30.9,1001.3,97,219,0.6,1.0,10047.3
50756,2021-04-01 09:53:00,21.1,1004.9,89,56,8.3,0.1,10290.7
50758,2021-04-01 09:53:00,28.1,1013.5,49,162,4.9,0.3,10278.9
50774,2021-04-01 09:53:00,30.4,1001.1,32,55,1.2,0.8,10432.9
50778,2021-04-01 09:53:00,31.9,1003.5,25,167,0.0,0.5,10333.9
50788,2021-04-01 09:53:00,29.7,1016.8,71,75,7.2,1.1,10339.6
50844,2021-04-01 09:53:00,26.1,1005.6,7,218,6.4,0.2,10073.8
50853,2021-04-01 09:53:00,31.2,1015.7,64,56,0.0,0.2,10038.8
50854,2021-04-01 09:53:00,22.8,1023.1,10,15,8.8,1.0,10218.0
50862,2021-04-01 09:53:00,8.6,1020.4,50,147,8.2,0.4,10123.3
50873,2021-04-01 09:53:00,10.6,1019.3,66,32,12.1,0.4,10287.9
50877,2021-04-01 09:53:00,31.2,1003.3,93,65,4.0,1.1,10343.9
50888,2021-04-01 09:53:00,6.2,1008.9,58,255,4.5,0.6,10132.3
50950,2021-04-01 09:53:00,2.0,1013.9,93,86,11.3,0.6,10408.6
50953,2021-04-01 09:53:00,18.9,1005.6,77,42,0.1,1.0,10058.4
50955,2021-04-01 09:53:00,2.3,1023.8,66,262,14.6,1.3,10324.0
50963,2021-04-01 09:53:00,0.5,1004.7,61,31,7.1,0.9,10115.4
50968,2021-04-01 09:53:00,26.1,1008.1,21,83,14.0,0.9,10267.2
50973,2021-04-01 09:53:00,1.8,1017.4,5,261,2.7,1.2,10126.6
50978,2021-04-01 09:53:00,23.8,1005.8,19,142,4.6,0.7,10263.6
50983,2021-04-01 09:53:00,16.7,1003.5,84,26,6.4,0.4,10068.7
54094,2021-04-01 09:53:00,17.4,1023.5,9,325,10.3,1.2,10464.7
54096,2021-04-01 09:53:00,35.0,1012.3,39,62,0.4,0.6,10001.1
57251,2021-04-01 09:53:00,27.1,1011.9,60,239,0.7,0.5,10304.4
57256,2021-04-01 09:53:00,16.0,1004.4,31,111,11.1,0.6,10061.4
57259,2021-04-01 09:53:00,1.0,1017.2,7,92,2.9,1.0,10233.4
57265,2021-04-01 09:53:00,22.0,1006.0,27,219,4.0,0.4,10384.9
57278,2021-04-01 09:53:00,25.8,1021.8,89,286,4.2,1.5,10127.1
57279,2021-04-01 09:53:00,8.3,1022.1,53,117,4.1,1.4,10468.1
57355,2021-04-01 09:53:00,22.1,1014.0,98,50,11.2,0.0,10318.4
57358,2021-04-01 09:53:00,22.7,1024.2,61,267,6.9,1.0,10227.2
57359,2021-04-01 09:53:00,13.4,1024.4,92,327,6.7,1.1,10041.8
57363,2021-04-01 09:53:00,8.6,1021.4,24,143,5.5,1.5,10006.0
57378,2021-04-01 09:53:00,24.4,1019.7,34,203,1.4,1.4,10034.3
57381,2021-04-01 09:53:00,5.8,1011.3,76,231,6.1,1.1,10135.7
57395,2021-04-01 09:53:00,7.4,1011.3,61,352,12.8,1.5,10410.3
57399,2021-04-01 09:53:00,4.2,1024.7,38,237,11.3,0.0,10068.4
57439,2021-04-01 09:53:00,18.7,1004.5,45,197,5.2,0.9,10324.7
57445,2021-04-01 09:53:00,18.3,1020.5,6,185,9.8,0.9,10211.2
57447,2021-04-01 09:53:00,8.2,1015.6,71,274,4.0,1.0,10283.5
57458,2021-04-01 09:53:00,13.5,1017.3,91,355,1.8,1.5,10446.0
57461,2021-04-01 09:53:00,30.8,1016.9,49,270,2.9,1.3,10254.8
57476,2021-04-01 09:53:00,6.7,1026.2,93,222,13.4,1.0,10459.6
57482,2021-04-01 09:53:00,23.6,1004.1,21,316,14.7,0.2,10237.9
57483,2021-04-01 09:53:00,0.2,1000.3,34,47,0.6,1.1,10232.7
57493,2021-04-01 09:53:00,34.3,1023.4,52,148,9.3,0.0,10286.4
57494,2021-04-01 09:53:00,34.3,1002.8,83,30,11.7,0.3,10184.2
57545,2021-04-01 09:53:00,21.3,1023.2,65,87,5.8,1.2,10397.6
57573,2021-04-01 09:53:00,22.9,1000.6,79,25,14.9,1.1,10475.6
57581,2021-04-01 09:53:00,22.0,1025.1,32,284,14.0,1.5,10320.2
57583,2021-04-01 09:53:00,18.6,1020.8,56,250,7.8,0.9,10047.7
57595,2021-04-01 09:53:00,13.8,1024.1,38,169,14.3,0.1,10258.7
58402,2021-04-01 09:53:00,2.4,1025.7,73,9,11.4,1.4,10100.6
58407,2021-04-01 09:53:00,23.4,1007.1,11,193,4.7,0.6,10120.4
58500,2021-04-01 09:53:00,5.6,1024.2,3,224,1.2,0.9,10231.8
57554,2021-04-01 09:53:00,19.9,1011.9,61,119,6.5,0.1,10283.0
57562,2021-04-01 09:53:00,16.2,1000.6,26,42,8.8,1.3,10288.6
57574,2021-04-01 09:53:00,5.9,1011.9,78,60,11.0,0.0,10490.3
57584,2021-04-01 09:53:00,11.0,1018.9,4,58,6.3,1.0,10491.0
57642,2021-04-01 09:53:00,25.8,1010.4,63,7,6.8,1.0,10398.7
57649,2021-04-01 09:53:00,14.1,1012.8,48,87,2.6,0.9,10323.8
57655,2021-04-01 09:53:00,28.0,1023.7,86,211,7.2,0.2,10285.4
57662,2021-04-01 09:53:00,4.2,1025.2,86,234,3.8,0.0,10107.9
57669,2021-04-01 09:53:00,16.1,1018.8,20,138,7.0,1.3,10382.7
57671,2021-04-01 09:53:00,1.8,1010.9,57,346,13.5,1.5,10472.1
57673,2021-04-01 09:53:00,11.6,1018.1,40,216,0.1,0.0,10208.8
57679,2021-04-01 09:53:00,7.7,1023.1,92,119,14.1,0.8,10433.8
57682,2021-04-01 09:53:00,2.1,1025.9,51,273,1.9,0.5,10286.6
57687,2021-04-01 09:53:00,3.2,1012.2,62,310,11.8,0.5,10231.0
57745,2021-04-01 09:53:00,21.7,1023.0,35,55,9.9,0.5,10305.0
57749,2021-04-01 09:53:00,31.4,1002.7,44,157,13.5,0.7,10246.0
57752,2021-04-01 09:53:00,29.5,1016.5,95,290,13.4,0.4,10382.8
57758,2021-04-01 09:53:00,27.2,1010.4,59,77,12.8,0.3,10149.7
57761,2021-04-01 09:53:00,10.3,1009.3,37,140,11.1,1.4,10093.1
57766,2021-04-01 09:53:00,22.5,1009.2,12,294,14.4,1.4,10235.9
57774,2021-04-01 09:53:00,23.2,1000.3,80,60,5.9,1.3,10160.8
57776,2021-04-01 09:53:00,14.3,1015.9,70,233,14.1,1.5,10163.4
57779,2021-04-01 09:53:00,15.2,1025.6,31,246,3.9,1.4,10140.5
57780,2021-04-01 09:53:00,31.9,1019.7,87,74,13.9,0.9,10051.2
57841,2021-04-01 09:53:00,33.2,1005.8,20,7,0.1,0.3,10039.2
57845,2021-04-01 09:53:00,10.6,1019.9,54,320,14.6,1.0,10459.7
57853,2021-04-01 09:53:00,2.6,1026.1,17,196,0.2,1.1,10493.8
57857,2021-04-01 09:53:00,15.1,1021.2,47,288,1.2,1.2,10204.3
57860,2021-04-01 09:53:00,15.4,1001.9,92,37,14.4,0.7,10428.1
57866,2021-04-01 09:53:00,21.8,1002.2,88,190,8.8,0.0,10392.2
57872,2021-04-01 09:53:00,27.3,1019.9,88,153,1.5,0.8,10158.4
57874,2021-04-01 09:53:00,8.5,1014.5,58,216,2.4,0.7,10462.6
57889,2021-04-01 09:53:00,7.8,1004.7,80,8,12.3,0.7,10250.3
57965,2021-04-01 09:53:00,21.0,1013.4,34,67,14.8,0.0,10260.9
57972,2021-04-01 09:53:00,5.6,1009.2,52,103,7.6,0.6,10070.9
57974,2021-04-01 09:53:00,16.1,1005.9,79,325,4.9,0.7,10374.8
50936,2021-04-01 09:53:00,26.3,1009.2,99,312,13.0,0.9,10080.0
50945,2021-04-01 09:53:00,5.3,1020.5,30,3,13.4,0.6,10146.8
50948,2021-04-01 09:53:00,26.8,1025.9,20,233,14.8,0.6,10380.1
50949,2021-04-01 09:53:00,32.6,1023.0,45,270,0.7,0.7,10389.8
54041,2021-04-01 09:53:00,27.6,1007.7,70,114,5.5,1.5,10340.9
54049,2021-04-01 09:53:00,34.2,1025.3,100,242,14.9,0.1,10469.8
54063,2021-04-01 09:53:00,20.6,1022.3,60,70,3.0,1.0,10473.8
54064,2021-04-01 09:53:00,21.7,1026.2,92,245,11.5,1.5,10266.6
54142,2021-04-01 09:53:00,32.3,1003.7,63,12,2.7,1.5,10167.8
54157,2021-04-01 09:53:00,24.5,1002.0,67,281,9.9,1.3,10124.7
54161,2021-04-01 09:53:00,4.5,1001.1,34,215,14.2,1.2,10440.5
54165,2021-04-01 09:53:00,0.7,1005.0,53,312,2.7,1.1,10144.6
54171,2021-04-01 09:53:00,20.8,1006.8,37,196,9.7,1.5,10042.3
54181,2021-04-01 09:53:00,22.1,1000.7,69,160,3.5,1.0,10360.1
54186,2021-04-01 09:53:00,26.7,1013.1,50,276,4.8,1.4,10370.5
54195,2021-04-01 09:53:00,1.3,1023.8,34,144,10.3,1.3,10002.5
54260,2021-04-01 09:53:00,8.7,1022.3,79,205,1.8,0.6,10422.2
54263,2021-04-01 09:53:00,14.6,1004.0,96,44,0.0,1.1,10142.0
54266,2021-04-01 09:53:00,0.2,1006.1,91,213,0.2,0.3,10432.0
54273,2021-04-01 09:53:00,26.1,1003.2,85,254,5.5,0.5,10483.5
54276,2021-04-01 09:53:00,25.0,1008.3,80,94,8.8,1.3,10069.0
54284,2021-04-01 09:53:00,12.4,1009.5,18,333,9.3,0.8,10129.6
54285,2021-04-01 09:53:00,13.5,1001.4,27,270,8.2,0.4,10382.5
54286,2021-04-01 09:53:00,26.2,1018.6,65,359,3.8,0.0,10337.1
54292,2021-04-01 09:53:00,23.5,1016.1,45,296,2.1,1.1,10098.4
54363,2021-04-01 09:53:00,26.5,1011.7,75,245,10.8,0.7,10394.2
54374,2021-04-01 09:53:00,32.5,1016.6,61,226,8.5,0.2,10463.4
54377,2021-04-01 09:53:00,10.6,1007.4,32,305,1.5,1.5,10495.8
54386,2021-04-01 09:53:00,10.2,1022.0,83,40,6.1,0.3,10448.4
58026,2021-04-01 09:53:00,34.9,1000.2,12,243,8.7,0.9,10425.6
58027,2021-04-01 09:53:00,2.8,1003.7,52,200,13.3,1.5,10080.5
58038,2021-04-01 09:53:00,34.8,1002.4,27,40,0.3,1.3,10483.7
58040,2021-04-01 09:53:00,27.1,1017.4,47,265,9.9,0.8,10391.2
58047,2021-04-01 09:53:00,3.3,1020.5,87,47,6.0,1.0,10266.1
58130,2021-04-01 09:53:00,1.8,1002.8,100,116,11.2,1.4,10208.3
58135,2021-04-01 09:53:00,27.8,1013.3,95,58,1.2,0.0,10148.5
58138,2021-04-01 09:53:00,24.1,1013.4,61,17,13.5,0.6,10257.2
58141,2021-04-01 09:53:00,7.0,1023.9,93,229,9.2,1.4,10264.4
58143,2021-04-01 09:53:00,12.2,1025.3,89,21,6.2,0.3,10097.1
58150,2021-04-01 09:53:00,26.7,1003.7,46,22,0.7,1.1,10481.8
58158,2021-04-01 09:53:00,30.6,1008.6,55,259,4.2,0.6,10075.5
58238,2021-04-01 09:53:00,1.3,1002.0,44,245,10.7,0.3,10035.0
58241,2021-04-01 09:53:00,17.5,1003.3,17,313,14.6,0.8,10090.7
58251,2021-04-01 09:53:00,23.9,1023.5,4,127,8.9,1.2,10292.7
58252,2021-04-01 09:53:00,30.8,1022.9,54,11,5.2,0.7,10053.7
58255,2021-04-01 09:53:00,12.7,1007.2,92,203,9.4,1.1,10228.8
58259,2021-04-01 09:53:00,18.0,1020.9,8,2,9.2,1.1,10248.4
58265,2021-04-01 09:53:00,24.3,1016.4,62,273,7.7,0.8,10270.4
58343,2021-04-01 09:53:00,32.9,1010.4,2,97,0.3,0.2,10059.2
58345,2021-04-01 09:53:00,34.9,1001.4,4,231,13.6,1.4,10104.1
58354,2021-04-01 09:53:00,19.2,1002.1,68,56,5.6,1.4,10111.8
58356,2021-04-01 09:53:00,26.3,1010.5,47,11,13.1,0.7,10242.7
58358,2021-04-01 09:53:00,20.2,1010.6,38,89,4.2,0.3,10407.2
57598,2021-04-01 09:53:00,21.5,1003.3,40,85,10.9,1.0,10368.7
57696,2021-04-01 09:53:00,8.0,1013.3,36,10,7.0,1.0,10253.0
57789,2021-04-01 09:53:00,31.5,1012.9,9,146,8.1,1.0,10012.3
57793,2021-04-01 09:53:00,22.4,1019.1,68,173,4.4,0.8,10382.6
57799,2021-04-01 09:53:00,7.8,1004.5,1,86,8.9,1.5,10326.8
57894,2021-04-01 09:53:00,20.7,1009.8,54,16,12.2,0.0,10018.0
57896,2021-04-01 09:53:00,14.5,1026.3,97,190,7.4,0.8,10088.0
57993,2021-04-01 09:53:00,13.1,1018.6,71,119,12.9,0.1,10446.2
58506,2021-04-01 09:53:00,32.4,1014.9,95,213,13.9,0.3,10032.1
58507,2021-04-01 09:53:00,33.7,1018.3,45,111,2.2,0.1,10218.0
58519,2021-04-01 09:53:00,25.9,1019.7,58,170,8.0,0.5,10253.6
58527,2021-04-01 09:53:00,32.2,1011.6,13,271,7.2,0.7,10463.3
58600,2021-04-01 09:53:00,33.7,1000.7,24,148,11.8,1.4,10209.4
58606,2021-04-01 09:53:00,19.6,1004.2,47,110,0.7,0.6,10082.2
58608,2021-04-01 09:53:00,5.6,1019.1,53,277,2.8,0.5,10019.3
58622,2021-04-01 09:53:00,11.8,1022.3,84,285,8.0,0.0,10241.5
58626,2021-04-01 09:53:00,11.7,1001.6,61,158,0.3,1.5,10481.6
58634,2021-04-01 09:53:00,0.3,1013.2,33,154,12.6,0.2,10335.1
58637,2021-04-01 09:53:00,19.7,1014.0,51,73,11.1,0.2,10392.2
58705,2021-04-01 09:53:00,17.7,1025.3,15,293,13.6,1.4,10240.5
58715,2021-04-01 09:53:00,9.7,1012.4,48,323,7.7,1.1,10276.5
58718,2021-04-01 09:53:00,18.5,1007.5,24,134,5.4,0.0,10205.2
58806,2021-04-01 09:53:00,22.0,1024.6,66,345,5.9,0.7,10461.2
58813,2021-04-01 09:53:00,27.9,1022.1,74,114,13.9,0.8,10251.9
59092,2021-04-01 09:53:00,5.8,1024.8,39,326,8.4,0.1,10422.3
59102,2021-04-01 09:53:00,33.2,1006.7,7,173,14.4,1.4,10126.5
54236,2021-04-01 09:53:00,12.3,1012.8,89,199,12.6,1.3,10361.6
54237,2021-04-01 09:53:00,25.7,1004.7,76,310,14.6,0.4,10264.4
54243,2021-04-01 09:53:00,24.9,1007.8,45,35,2.8,1.0,10206.7
54254,2021-04-01 09:53:00,20.8,1016.9,36,295,6.8,0.6,10384.7
54259,2021-04-01 09:53:00,5.0,1008.7,70,201,1.2,0.5,10086.0
54324,2021-04-01 09:53:00,4.5,1017.0,38,294,3.9,0.4,10166.9
54326,2021-04-01 09:53:00,10.7,1023.7,61,13,0.3,0.4,10201.9
54333,2021-04-01 09:53:00,22.4,1026.3,3,46,0.8,1.4,10140.0
54334,2021-04-01 09:53:00,26.5,1001.2,43,251,10.6,1.1,10409.8
54335,2021-04-01 09:53:00,15.4,1007.1,97,316,8.6,0.5,10299.9
54337,2021-04-01 09:53:00,0.0,1004.9,67,153,6.4,1.1,10145.1
54339,2021-04-01 09:53:00,18.7,1007.3,79,150,2.2,0.9,10146.9
54342,2021-04-01 09:53:00,11.2,1011.8,23,330,0.7,0.4,10277.1
54346,2021-04-01 09:53:00,13.4,1010.1,58,133,14.7,1.4,10311.6
54349,2021-04-01 09:53:00,12.3,1011.1,25,312,9.1,0.2,10043.0
54351,2021-04-01 09:53:00,12.2,1002.6,68,334,5.7,0.6,10016.1
54353,2021-04-01 09:53:00,34.6,1016.4,78,123,10.4,1.1,10410.7
54365,2021-04-01 09:53:00,12.9,1012.0,28,36,14.1,1.2,10392.3
54452,2021-04-01 09:53:00,7.3,1022.5,3,77,3.2,1.4,10323.8
54454,2021-04-01 09:53:00,33.4,1012.4,72,330,4.0,1.5,10299.0
54455,2021-04-01 09:53:00,16.0,1023.5,33,198,6.6,0.5,10325.2
54470,2021-04-01 09:53:00,23.1,1015.5,68,115,2.6,0.2,10409.1
54471,2021-04-01 09:53:00,13.2,1002.5,25,312,12.3,1.0,10390.2
54472,2021-04-01 09:53:00,20.6,1002.5,84,322,7.4,0.3,10160.6
54476,2021-04-01 09:53:00,25.0,1023.9,69,76,8.1,0.0,10083.0
54486,2021-04-01 09:53:00,1.6,1009.7,89,301,12.4,1.1,10116.6
54493,2021-04-01 09:53:00,6.9,1002.8,20,310,8.5,1.5,10024.2
54497,2021-04-01 09:53:00,24.7,1015.6,24,235,12.8,0.7,10236.9
54563,2021-04-01 09:53:00,11.5,1004.9,62,301,11.0,0.5,10412.4
54579,2021-04-01 09:53:00,29.4,1013.4,84,22,14.8,0.7,10044.4
54584,2021-04-01 09:53:00,2.6,1014.2,24,265,8.5,0.2,10063.8
54660,2021-04-01 09:53:00,0.7,1001.4,82,191,1.2,0.0,10217.4
54662,2021-04-01 09:53:00,13.8,1005.8,49,305,2.9,0.2,10042.9
50425,2021-04-01 09:53:00,17.0,1001.6,4,104,2.7,1.1,10228.1
50434,2021-04-01 09:53:00,31.9,1002.9,46,20,14.7,0.4,10150.3
50514,2021-04-01 09:53:00,16.7,1018.7,73,327,5.1,0.9,10379.9
50527,2021-04-01 09:53:00,2.5,1023.9,91,55,7.5,0.2,10035.4
50548,2021-04-01 09:53:00,17.3,1003.5,68,288,14.4,1.4,10281.7
50603,2021-04-01 09:53:00,26.1,1025.3,64,219,2.8,0.0,10043.7
50618,2021-04-01 09:53:00,25.0,1000.4,25,309,14.1,0.8,10019.4
50632,2021-04-01 09:53:00,2.2,1023.1,61,317,11.0,1.4,10119.8
50639,2021-04-01 09:53:00,16.5,1025.0,17,222,9.3,0.3,10446.5
50727,2021-04-01 09:53:00,16.8,1019.5,27,130,2.3,1.3,10226.6
50834,2021-04-01 09:53:00,26.4,1025.2,9,8,8.1,0.0,10012.1
50838,2021-04-01 09:53:00,3.3,1023.4,60,145,13.5,0.7,10489.7
50915,2021-04-01 09:53:00,31.6,1002.3,91,175,11.3,0.7,10457.7
50924,2021-04-01 09:53:00,21.8,1018.7,72,195,0.2,1.0,10233.6
52267,2021-04-01 09:53:00,16.7,1010.6,68,159,4.5,0.0,10285.4
52495,2021-04-01 09:53:00,33.3,1011.2,3,79,4.7,0.9,10239.7
52576,2021-04-01 09:53:00,27.3,1026.4,44,254,0.7,0.9,10479.8
53068,2021-04-01 09:53:00,8.8,1016.5,52,341,8.3,1.5,10390.8
53083,2021-04-01 09:53:00,29.0,1024.0,35,95,6.8,1.0,10220.8
53149,2021-04-01 09:53:00,28.6,1013.5,8,142,14.2,1.3,10253.8
53192,2021-04-01 09:53:00,17.5,1004.2,63,78,10.8,1.3,10006.8
53195,2021-04-01 09:53:00,16.0,1015.3,83,77,3.1,0.6,10261.1
53276,2021-04-01 09:53:00,30.3,1017.1,48,33,8.8,0.1,10205.5
53336,2021-04-01 09:53:00,28.0,1000.8,17,44,11.5,1.5,10296.2
53352,2021-04-01 09:53:00,17.1,1026.4,13,11,5.8,0.6,10370.1
53362,2021-04-01 09:53:00,4.3,1000.1,43,131,7.0,0.8,10275.6
53367,2021-04-01 09:53:00,1.1,1002.7,40,267,12.3,1.4,10386.2
53391,2021-04-01 09:53:00,3.5,1014.4,42,352,10.5,1.3,10191.7
53446,2021-04-01 09:53:00,30.1,1018.2,16,200,11.8,0.0,10059.3
53463,2021-04-01 09:53:00,29.9,1007.4,14,162,3.6,0.3,10417.8
53480,2021-04-01 09:53:00,5.9,1011.4,95,221,9.6,0.1,10225.9
53502,2021-04-01 09:53:00,14.9,1020.8,53,47,14.2,1.0,10405.6
53513,2021-04-01 09:53:00,2.3,1007.5,9,10,9.0,1.1,10236.1
53529,2021-04-01 09:53:00,17.8,1007.3,35,55,10.8,1.2,10024.4
53543,2021-04-01 09:53:00,0.4,1011.5,4,16,8.9,1.3,10074.7
53547,2021-04-01 09:53:00,19.6,1017.4,50,172,0.9,0.1,10046.5
53602,2021-04-01 09:53:00,18.5,1005.9,12,173,10.5,0.7,10273.7
54012,2021-04-01 09:53:00,2.1,1021.2,26,35,4.6,0.8,10195.3
54026,2021-04-01 09:53:00,27.8,1007.0,69,244,11.7,0.3,10148.4
54027,2021-04-01 09:53:00,14.2,1004.7,30,77,10.6,1.4,10241.0
54102,2021-04-01 09:53:00,31.9,1018.1,61,70,8.1,1.5,10221.1
54115,2021-04-01 09:53:00,3.7,1021.2,99,245,3.5,0.4,10496.3
54134,2021-04-01 09:53:00,10.9,1009.3,32,151,5.0,0.7,10411.3
54135,2021-04-01 09:53:00,33.2,1011.9,8,186,14.6,0.0,10116.7
54208,2021-04-01 09:53:00,15.4,1024.4,37,291,4.7,1.3,10173.5
54213,2021-04-01 09:53:00,17.3,1021.7,18,118,11.7,1.5,10085.2
54218,2021-04-01 09:53:00,18.3,1000.8,97,299,3.1,0.7,10142.2
54226,2021-04-01 09:53:00,4.3,1000.5,78,331,10.6,1.2,10216.8
53519,2021-04-01 09:53:00,34.3,1003.7,58,218,13.8,1.3,10297.3
53612,2021-04-01 09:53:00,11.1,1021.1,23,328,2.1,1.1,10077.3
53614,2021-04-01 09:53:00,3.0,1006.7,43,222,10.0,0.6,10034.1
53615,2021-04-01 09:53:00,11.4,1013.7,64,317,4.9,0.0,10492.1
53704,2021-04-01 09:53:00,10.5,1021.3,51,61,5.2,0.3,10403.5
53705,2021-04-01 09:53:00,9.2,1008.6,1,329,10.3,0.2,10200.5
53723,2021-04-01 09:53:00,5.0,1025.6,37,44,12.3,0.2,10365.7
53806,2021-04-01 09:53:00,26.2,1015.8,92,77,8.7,1.4,10230.6
53810,2021-04-01 09:53:00,2.6,1004.5,96,275,2.8,0.9,10408.3
53817,2021-04-01 09:53:00,3.3,1007.8,28,276,6.5,0.3,10211.8
53903,2021-04-01 09:53:00,26.8,1012.0,8,66,12.1,0.7,10170.9
53910,2021-04-01 09:53:00,15.1,1006.0,21,340,14.3,0.3,10211.3
51886,2021-04-01 09:53:00,26.4,1020.4,5,342,11.9,0.0,10121.7
52602,2021-04-01 09:53:00,8.2,1003.1,26,203,6.0,0.8,10019.2
52633,2021-04-01 09:53:00,24.9,1013.8,69,67,13.8,0.3,10192.1
52645,2021-04-01 09:53:00,16.1,1020.7,56,256,4.7,0.3,10070.5
52657,2021-04-01 09:53:00,17.9,1014.0,59,306,11.1,1.0,10326.4
52707,2021-04-01 09:53:00,18.0,1022.3,18,143,12.0,1.0,10273.8
52713,2021-04-01 09:53:00,25.6,1002.1,30,109,3.1,0.5,10073.2
52737,2021-04-01 09:53:00,31.1,1008.7,2,2,5.1,0.8,10350.1
52754,2021-04-01 09:53:00,1.9,1014.5,68,115,2.7,0.5,10311.6
52765,2021-04-01 09:53:00,9.6,1015.6,23,22,11.0,0.0,10213.3
52818,2021-04-01 09:53:00,18.3,1002.9,24,304,3.3,0.0,10108.0
52825,2021-04-01 09:53:00,19.3,1018.3,34,16,3.0,1.0,10339.3
52833,2021-04-01 09:53:00,23.9,1017.1,10,105,13.1,0.4,10189.7
52836,2021-04-01 09:53:00,32.4,1022.5,55,310,14.8,0.1,10181.7
52842,2021-04-01 09:53:00,11.4,1008.6,30,0,5.5,0.8,10017.9
52856,2021-04-01 09:53:00,9.5,1014.1,34,235,6.1,1.0,10209.9
52866,2021-04-01 09:53:00,13.4,1021.1,11,38,5.2,0.3,10473.3
52868,2021-04-01 09:53:00,30.1,1002.9,96,265,5.4,0.6,10285.2
52876,2021-04-01 09:53:00,5.2,1012.1,20,3,10.2,1.2,10041.8
52908,2021-04-01 09:53:00,27.5,1026.2,65,20,10.8,0.1,10237.6
52943,2021-04-01 09:53:00,17.4,1026.3,99,126,2.4,0.0,10421.1
52955,2021-04-01 09:53:00,16.7,1012.1,60,162,8.0,0.6,10198.0
52974,2021-04-01 09:53:00,16.8,1001.3,56,291,3.9,1.5,10368.8
56004,2021-04-01 09:53:00,21.6,1016.5,62,231,12.8,1.3,10107.9
56018,2021-04-01 09:53:00,26.1,1004.7,59,30,9.5,0.4,10378.6
56021,2021-04-01 09:53:00,26.3,1000.2,21,338,10.0,1.1,10466.8
56029,2021-04-01 09:53:00,21.8,1004.6,22,269,9.6,1.2,10456.0
56033,2021-04-01 09:53:00,34.0,1021.0,19,149,13.3,0.8,10244.1
56034,2021-04-01 09:53:00,16.2,1006.9,84,331,3.8,0.1,10259.4
56043,2021-04-01 09:53:00,20.2,1002.5,91,43,1.9,0.7,10096.6
56046,2021-04-01 09:53:00,18.2,1000.9,15,22,8.2,0.3,10258.8
56065,2021-04-01 09:53:00,27.2,1001.3,37,45,12.5,0.3,10343.4
56067,2021-04-01 09:53:00,2.4,1023.1,28,121,5.2,0.6,10233.1
56125,2021-04-01 09:53:00,26.8,1021.1,88,164,5.6,1.3,10403.3
56151,2021-04-01 09:53:00,22.6,1020.2,34,156,8.7,0.7,10151.2
54715,2021-04-01 09:53:00,32.8,1007.2,76,310,10.5,1.1,10119.0
54725,2021-04-01 09:53:00,18.5,1000.7,63,1,1.3,0.5,10483.5
54727,2021-04-01 09:53:00,1.9,1001.3,88,359,10.9,0.6,10148.1
54744,2021-04-01 09:53:00,32.8,1011.1,16,194,9.8,0.0,10432.6
54751,2021-04-01 09:53:00,33.9,1016.7,95,99,13.4,0.1,10150.1
54753,2021-04-01 09:53:00,21.6,1025.4,78,132,5.7,0.3,10153.8
54764,2021-04-01 09:53:00,28.4,1016.7,28,150,13.7,1.5,10325.2
54774,2021-04-01 09:53:00,20.8,1001.3,38,104,4.9,0.4,10100.2
54776,2021-04-01 09:53:00,18.2,1005.4,3,17,5.3,0.4,10010.7
54808,2021-04-01 09:53:00,2.9,1009.7,7,171,0.3,0.3,10451.5
54823,2021-04-01 09:53:00,20.4,1022.1,69,145,6.0,1.2,10490.6
54826,2021-04-01 09:53:00,27.2,1021.2,30,264,1.0,1.4,10287.8
54836,2021-04-01 09:53:00,5.2,1008.7,73,252,12.8,1.4,10074.1
54842,2021-04-01 09:53:00,27.7,1022.4,99,151,4.3,0.0,10185.6
54843,2021-04-01 09:53:00,24.7,1015.1,7,189,1.9,0.7,10312.7
54857,2021-04-01 09:53:00,15.4,1021.7,22,336,14.4,0.2,10334.7
54863,2021-04-01 09:53:00,11.0,1004.8,87,160,9.2,0.6,10077.9
54909,2021-04-01 09:53:00,26.8,1008.1,87,42,11.2,1.2,10174.1
54916,2021-04-01 09:53:00,6.9,1009.2,77,125,13.5,1.5,10300.2
54929,2021-04-01 09:53:00,24.7,1003.4,61,255,9.3,0.6,10432.0
54936,2021-04-01 09:53:00,15.1,1011.6,85,45,0.7,1.0,10337.2
54945,2021-04-01 09:53:00,23.4,1011.7,3,132,7.0,0.4,10426.3
58034,2021-04-01 09:53:00,0.3,1003.4,100,351,11.8,1.2,10056.4
53478,2021-04-01 09:53:00,3.5,1005.3,64,219,2.9,0.8,10421.2
53487,2021-04-01 09:53:00,7.4,1020.5,59,81,4.6,0.2,10497.8
53490,2021-04-01 09:53:00,28.7,1002.2,29,115,14.9,0.7,10254.2
53564,2021-04-01 09:53:00,12.7,1020.6,2,4,14.8,0.4,10331.5
53578,2021-04-01 09:53:00,1.7,1026.3,46,204,4.3,0.8,10269.4
53579,2021-04-01 09:53:00,0.9,1022.9,31,126,14.4,0.4,10037.0
53588,2021-04-01 09:53:00,15.6,1007.4,19,236,0.3,0.2,10200.1
53594,2021-04-01 09:53:00,4.8,1006.4,31,155,10.1,1.1,10041.8
53663,2021-04-01 09:53:00,13.8,1025.4,32,297,6.4,0.4,10141.6
53664,2021-04-01 09:53:00,15.7,1023.4,78,344,7.5,1.5,10059.7
53673,2021-04-01 09:53:00,9.5,1003.4,91,305,13.5,0.4,10086.6
53687,2021-04-01 09:53:00,18.1,1023.9,18,254,3.8,0.3,10253.1
53764,2021-04-01 09:53:00,28.4,1017.6,5,350,1.7,0.4,10132.7
53772,2021-04-01 09:53:00,25.2,1006.1,54,83,5.5,0.2,10200.3
53775,2021-04-01 09:53:00,34.8,1013.1,12,335,4.2,0.9,10142.4
53787,2021-04-01 09:53:00,1.6,1025.9,38,339,2.3,1.0,10148.2
53853,2021-04-01 09:53:00,32.3,1010.9,87,275,8.5,1.0,10292.3
53859,2021-04-01 09:53:00,3.6,1009.5,58,115,14.7,1.5,10052.9
53863,2021-04-01 09:53:00,29.3,1024.3,60,47,8.5,1.4,10381.5
53868,2021-04-01 09:53:00,18.8,1011.8,67,357,13.7,0.4,10118.3
53877,2021-04-01 09:53:00,33.5,1000.0,94,56,6.4,0.3,10092.2
53882,2021-04-01 09:53:00,4.7,1004.9,29,333,5.4,1.4,10215.0
53884,2021-04-01 09:53:00,20.1,1000.9,21,88,14.2,0.3,10082.5
53959,2021-04-01 09:53:00,10.2,1015.9,91,129,7.2,1.2,10488.8
53963,2021-04-01 09:53:00,30.6,1020.9,48,272,2.5,0.8,10415.1
53968,2021-04-01 09:53:00,12.3,1020.9,32,133,14.8,0.0,10265.9
53975,2021-04-01 09:53:00,25.6,1017.8,36,186,4.7,0.3,10321.1
57052,2021-04-01 09:53:00,30.7,1019.4,62,3,8.5,0.7,10278.2
53646,2021-04-01 09:53:00,8.9,1003.2,3,150,12.8,0.1,10308.4
53651,2021-04-01 09:53:00,25.0,1021.4,96,167,11.8,0.2,10019.8
53725,2021-04-01 09:53:00,23.0,1000.5,39,70,13.8,1.0,10254.0
53735,2021-04-01 09:53:00,22.2,1011.1,43,141,11.8,0.4,10483.6
53738,2021-04-01 09:53:00,4.7,1000.9,89,323,2.3,0.6,10148.1
53740,2021-04-01 09:53:00,25.1,1011.6,81,319,9.0,1.5,10349.2
53754,2021-04-01 09:53:00,8.6,1024.0,99,8,4.6,0.9,10316.6
53845,2021-04-01 09:53:00,19.7,1004.0,80,24,14.6,0.9,10366.7
53854,2021-04-01 09:53:00,13.0,1004.2,14,32,8.9,0.9,10488.8
53929,2021-04-01 09:53:00,18.7,1023.0,22,204,4.1,0.5,10102.6
53942,2021-04-01 09:53:00,0.6,1024.3,35,225,8.3,0.5,10121.2
53948,2021-04-01 09:53:00,9.7,1001.4,77,358,3.9,0.7,10041.0
53955,2021-04-01 09:53:00,2.9,1020.8,52,14,10.8,0.8,10052.0
57003,2021-04-01 09:53:00,9.5,1012.2,14,271,11.4,0.6,10315.0
57025,2021-04-01 09:53:00,9.4,1009.9,5,1,1.9,1.0,10191.7
57028,2021-04-01 09:53:00,30.5,1025.3,65,6,4.7,0.4,10172.6
57030,2021-04-01 09:53:00,19.7,1005.2,99,144,2.8,1.3,10323.6
57034,2021-04-01 09:53:00,34.3,1007.5,57,265,3.4,1.3,10369.8
57037,2021-04-01 09:53:00,8.9,1022.0,25,327,14.9,1.2,10176.0
57046,2021-04-01 09:53:00,26.8,1006.4,40,204,14.2,0.0,10457.0
57048,2021-04-01 09:53:00,17.5,1022.6,20,298,14.6,0.9,10310.6
57049,2021-04-01 09:53:00,9.9,1000.6,33,62,13.6,0.4,10252.3
57106,2021-04-01 09:53:00,28.6,1016.9,96,42,7.4,0.4,10128.1
57124,2021-04-01 09:53:00,16.9,1016.0,82,84,2.1,1.3,10254.8
57127,2021-04-01 09:53:00,33.5,1012.7,84,346,12.5,1.0,10369.0
57131,2021-04-01 09:53:00,13.3,1010.6,92,77,14.2,1.5,10008.2
57134,2021-04-01 09:53:00,33.1,1011.6,7,194,3.2,0.2,10248.7
57140,2021-04-01 09:53:00,27.7,1008.1,10,201,12.8,0.6,10262.7
57143,2021-04-01 09:53:00,2.1,1021.8,99,284,14.2,0.9,10356.5
57144,2021-04-01 09:53:00,20.2,1019.2,59,171,1.1,0.9,10057.3
57154,2021-04-01 09:53:00,3.1,1020.7,49,56,4.5,1.5,10371.0
57211,2021-04-01 09:53:00,30.8,1009.6,23,295,13.7,0.3,10257.9
57232,2021-04-01 09:53:00,11.5,1008.7,47,107,8.7,0.5,10309.7
57238,2021-04-01 09:53:00,14.0,1002.7,6,160,2.2,0.8,10347.3
57245,2021-04-01 09:53:00,3.9,1024.7,85,178,9.4,0.9,10088.7
57343,2021-04-01 09:53:00,17.2,1022.2,22,298,10.5,1.2,10266.0
58362,2021-04-01 09:53:00,4.2,1014.7,75,101,5.1,0.0,10221.6
56038,2021-04-01 09:53:00,21.7,1015.4,13,301,5.4,0.6,10198.9
56079,2021-04-01 09:53:00,31.3,1021.6,17,199,10.5,1.3,10125.1
56144,2021-04-01 09:53:00,19.4,1008.3,29,121,13.2,0.2,10095.4
56146,2021-04-01 09:53:00,33.9,1018.8,66,343,2.5,1.5,10176.1
56152,2021-04-01 09:53:00,27.8,1019.7,26,126,13.1,1.4,10254.9
56167,2021-04-01 09:53:00,10.4,1012.5,13,343,9.6,0.0,10177.5
56172,2021-04-01 09:53:00,6.9,1023.3,25,243,2.3,0.4,10214.1
56173,2021-04-01 09:53:00,0.2,1003.1,58,24,10.4,1.4,10240.1
56178,2021-04-01 09:53:00,15.8,1016.9,25,49,2.6,0.1,10276.5
56182,2021-04-01 09:53:00,2.3,1005.9,67,117,9.9,0.2,10062.2
56187,2021-04-01 09:53:00,19.0,1000.7,36,231,14.6,0.3,10246.3
56188,2021-04-01 09:53:00,33.2,1019.0,52,317,7.4,0.8,10011.0
56196,2021-04-01 09:53:00,29.8,1004.3,2,292,9.7,0.1,10061.7
56247,2021-04-01 09:53:00,12.1,1005.6,49,54,1.6,1.4,10180.1
56251,2021-04-01 09:53:00,32.0,1014.6,45,347,6.1,1.1,10304.1
56257,2021-04-01 09:53:00,19.9,1005.7,25,270,0.7,0.4,10477.5
56287,2021-04-01 09:53:00,18.3,1014.1,82,102,7.1,0.6,10114.4
56357,2021-04-01 09:53:00,5.4,1011.4,97,155,3.5,1.2,10283.6
56374,2021-04-01 09:53:00,7.3,1009.5,66,113,1.3,0.5,10248.5
56385,2021-04-01 09:53:00,34.1,1021.0,59,153,13.2,0.2,10477.1
56386,2021-04-01 09:53:00,14.4,1012.5,24,183,9.9,1.2,10322.3
56459,2021-04-01 09:53:00,30.2,1003.0,13,31,10.1,0.0,10017.4
56462,2021-04-01 09:53:00,25.5,1026.3,69,22,2.3,0.2,10008.7
56475,2021-04-01 09:53:00,32.9,1021.5,8,193,3.8,0.9,10493.7
56479,2021-04-01 09:53:00,12.3,1015.0,64,114,11.2,1.4,10016.7
56485,2021-04-01 09:53:00,23.8,1008.5,28,44,8.7,0.7,10199.8
56492,2021-04-01 09:53:00,1.2,1009.8,14,258,11.4,0.2,10302.9
56565,2021-04-01 09:53:00,4.8,1017.3,41,278,11.5,0.3,10070.0
56571,2021-04-01 09:53:00,26.7,1014.5,92,218,11.7,1.4,10417.8
56666,2021-04-01 09:53:00,23.5,1004.9,35,193,9.1,0.6,10493.8
56671,2021-04-01 09:53:00,4.4,1003.5,5,180,1.1,1.3,10341.2
57206,2021-04-01 09:53:00,15.8,1005.6,23,44,11.9,0.6,10452.3
57237,2021-04-01 09:53:00,2.0,1018.2,88,170,2.9,0.6,10288.8
57306,2021-04-01 09:53:00,6.2,1001.1,14,187,3.0,0.7,10011.9
57313,2021-04-01 09:53:00,2.1,1005.1,50,173,6.9,0.1,10312.6
57314,2021-04-01 09:53:00,10.4,1025.0,76,145,12.6,1.3,10107.1
57328,2021-04-01 09:53:00,7.3,1016.6,65,345,7.8,0.3,10254.7
57405,2021-04-01 09:53:00,22.5,1008.1,49,125,6.7,0.1,10149.7
57411,2021-04-01 09:53:00,0.0,1017.2,6,174,7.4,0.6,10414.9
57503,2021-04-01 09:53:00,30.9,1014.9,57,305,3.9,1.1,10297.3
57604,2021-04-01 09:53:00,33.6,1001.7,52,103,9.8,0.8,10244.4
57608,2021-04-01 09:53:00,0.0,1010.4,29,207,10.3,1.2,10105.6
54525,2021-04-01 09:53:00,23.7,1005.1,78,64,0.3,0.2,10191.6
54527,2021-04-01 09:53:00,0.0,1012.2,30,84,0.6,0.5,10048.2
54623,2021-04-01 09:53:00,12.6,1023.3,32,301,10.3,1.5,10072.6
55228,2021-04-01 09:53:00,0.7,1021.3,30,152,2.2,0.9,10461.1
55248,2021-04-01 09:53:00,11.1,1023.7,17,250,2.8,0.9,10008.3
55279,2021-04-01 09:53:00,8.0,1026.4,26,243,2.1,1.0,10320.7
55294,2021-04-01 09:53:00,14.8,1008.4,90,283,1.4,0.4,10118.8
55299,2021-04-01 09:53:00,16.8,1003.5,66,311,11.0,1.0,10263.0
55437,2021-04-01 09:53:00,19.9,1021.8,27,92,14.0,0.2,10473.7
55472,2021-04-01 09:53:00,23.2,1009.7,90,33,6.6,1.0,10155.8
55493,2021-04-01 09:53:00,12.5,1016.7,9,318,1.6,0.1,10134.6
55569,2021-04-01 09:53:00,26.3,1016.9,83,222,2.7,1.5,10306.9
55578,2021-04-01 09:53:00,2.9,1003.8,81,352,9.6,1.1,10217.3
55585,2021-04-01 09:53:00,0.9,1003.6,48,230,4.1,1.2,10237.9
55591,2021-04-01 09:53:00,28.5,1016.2,85,329,7.7,0.8,10174.3
55598,2021-04-01 09:53:00,27.6,1007.1,14,348,1.0,0.3,10035.5
55655,2021-04-01 09:53:00,34.9,1022.9,57,235,8.7,1.3,10005.6
55664,2021-04-01 09:53:00,9.1,1024.6,33,35,14.9,0.4,10183.7
55680,2021-04-01 09:53:00,31.6,1010.5,53,350,12.5,1.2,10083.6
55681,2021-04-01 09:53:00,2.8,1000.5,72,257,7.1,0.0,10483.9
55690,2021-04-01 09:53:00,7.6,1004.1,10,171,2.5,0.9,10080.5
55696,2021-04-01 09:53:00,20.6,1010.9,47,279,0.0,1.0,10105.0
55773,2021-04-01 09:53:00,29.8,1002.9,12,234,3.5,0.3,10431.3
56106,2021-04-01 09:53:00,12.8,1003.7,97,136,13.4,0.7,10217.2
56116,2021-04-01 09:53:00,29.3,1007.8,92,70,3.6,0.8,10452.5
56137,2021-04-01 09:53:00,21.2,1010.6,61,247,2.2,1.0,10344.9
56202,2021-04-01 09:53:00,17.3,1008.8,5,307,0.3,0.3,10229.6
56223,2021-04-01 09:53:00,20.1,1007.2,19,264,3.6,0.6,10054.1
56227,2021-04-01 09:53:00,23.5,1011.0,86,301,9.0,0.9,10239.6
56312,2021-04-01 09:53:00,11.4,1023.4,85,261,9.7,1.2,10303.8
56331,2021-04-01 09:53:00,13.5,1025.4,99,315,14.5,1.0,10276.7
56434,2021-04-01 09:53:00,21.8,1006.3,96,320,5.7,0.9,10165.3
51053,2021-04-01 09:53:00,1.7,1020.4,17,189,11.4,0.1,10319.3
51059,2021-04-01 09:53:00,32.1,1012.2,74,262,1.2,0.9,10480.4
51060,2021-04-01 09:53:00,4.7,1023.4,44,243,11.0,0.9,10180.3
51068,2021-04-01 09:53:00,17.1,1020.9,53,245,2.2,0.8,10461.0
51076,2021-04-01 09:53:00,26.4,1007.6,46,38,14.3,0.5,10435.0
51087,2021-04-01 09:53:00,15.5,1020.2,50,214,4.9,0.2,10072.2
51133,2021-04-01 09:53:00,2.9,1026.1,73,5,8.7,1.5,10243.2
51156,2021-04-01 09:53:00,23.2,1017.8,40,205,6.2,0.3,10138.8
51186,2021-04-01 09:53:00,17.9,1021.3,61,209,5.7,1.4,10159.2
51232,2021-04-01 09:53:00,22.7,1017.4,51,299,8.6,0.7,10091.2
51238,2021-04-01 09:53:00,18.2,1006.3,23,121,10.6,1.4,10496.9
51241,2021-04-01 09:53:00,34.2,1016.8,40,196,2.6,0.6,10365.3
51243,2021-04-01 09:53:00,10.7,1014.8,65,248,1.7,0.5,10189.5
51288,2021-04-01 09:53:00,2.7,1024.0,49,56,0.6,0.2,10199.9
51330,2021-04-01 09:53:00,24.7,1005.4,10,213,7.4,1.1,10017.6
51334,2021-04-01 09:53:00,5.1,1017.4,66,276,4.2,1.2,10439.4
51346,2021-04-01 09:53:00,28.6,1010.1,27,240,1.1,1.4,10146.1
51358,2021-04-01 09:53:00,7.1,1018.1,90,26,0.8,0.1,10115.0
51365,2021-04-01 09:53:00,30.6,1017.9,71,182,13.8,0.3,10274.5
51367,2021-04-01 09:53:00,4.8,1026.4,34,196,4.3,1.4,10370.7
51379,2021-04-01 09:53:00,3.8,1007.1,98,18,4.4,1.1,10042.1
51431,2021-04-01 09:53:00,30.2,1007.0,11,256,14.3,1.1,10250.0
51433,2021-04-01 09:53:00,4.1,1016.0,78,129,2.9,1.1,10174.8
51437,2021-04-01 09:53:00,2.7,1013.3,79,273,14.2,1.1,10441.5
51463,2021-04-01 09:53:00,9.6,1018.9,56,225,2.2,0.0,10483.3
51467,2021-04-01 09:53:00,14.8,1018.5,55,153,0.2,0.0,10076.3
51469,2021-04-01 09:53:00,14.2,1021.1,5,327,10.6,1.0,10219.7
51470,2021-04-01 09:53:00,20.9,1013.4,100,227,6.0,0.1,10240.6
51477,2021-04-01 09:53:00,30.4,1022.8,24,12,5.9,1.0,10259.8
51495,2021-04-01 09:53:00,19.5,1015.7,53,28,6.4,0.6,10165.8
51526,2021-04-01 09:53:00,30.1,1007.8,84,264,4.1,0.3,10082.9
51542,2021-04-01 09:53:00,25.9,1013.6,33,27,5.1,0.7,10376.2
51567,2021-04-01 09:53:00,7.5,1002.8,89,215,10.8,1.5,10366.3
51573,2021-04-01 09:53:00,28.4,1003.9,77,128,7.3,0.1,10492.5
51581,2021-04-01 09:53:00,24.7,1007.7,23,278,1.2,0.1,10240.9
51628,2021-04-01 09:53:00,31.1,1001.0,39,13,1.8,1.4,10118.0
51633,2021-04-01 09:53:00,24.6,1022.2,88,292,12.2,1.1,10203.0
51639,2021-04-01 09:53:00,7.1,1020.1,60,209,7.7,0.0,10105.9
51642,2021-04-01 09:53:00,20.8,1019.9,100,273,10.6,0.9,10062.3
51644,2021-04-01 09:53:00,5.6,1019.1,27,104,12.8,1.2,10291.0
51655,2021-04-01 09:53:00,34.7,1008.5,71,88,14.7,1.3,10090.6
51656,2021-04-01 09:53:00,25.5,1011.0,5,162,12.3,0.8,10265.9
51701,2021-04-01 09:53:00,18.9,1012.6,55,134,2.5,1.3,10329.9
51704,2021-04-01 09:53:00,14.1,1021.3,51,24,1.1,0.4,10119.4
51705,2021-04-01 09:53:00,21.7,1023.9,59,68,3.4,1.2,10043.6
51709,2021-04-01 09:53:00,14.0,1008.0,61,24,2.5,0.9,10340.6
51711,2021-04-01 09:53:00,25.0,1016.3,63,221,13.9,1.2,10124.7
51716,2021-04-01 09:53:00,14.9,1006.8,55,99,0.2,0.1,10288.7
51720,2021-04-01 09:53:00,25.0,1021.0,34,115,3.0,0.3,10286.9
51730,2021-04-01 09:53:00,6.1,1009.9,4,298,11.4,0.3,10155.3
51747,2021-04-01 09:53:00,12.1,1010.0,66,99,1.3,1.1,10103.0
51765,2021-04-01 09:53:00,25.8,1009.6,1,128,11.9,0.7,10375.3
51777,2021-04-01 09:53:00,21.4,1022.9,25,67,4.9,0.5,10303.6
51804,2021-04-01 09:53:00,29.9,1018.7,90,188,7.6,0.0,10165.9
51810,2021-04-01 09:53:00,23.8,1018.2,54,231,3.8,1.4,10455.3
51811,2021-04-01 09:53:00,12.7,1000.2,17,188,14.3,0.0,10267.8
51818,2021-04-01 09:53:00,8.9,1025.5,49,76,9.1,0.0,10392.1
51828,2021-04-01 09:53:00,4.8,1023.6,70,264,13.4,1.0,10305.0
51839,2021-04-01 09:53:00,13.0,1007.2,72,25,1.0,0.4,10426.1
51855,2021-04-01 09:53:00,27.1,1009.9,12,315,4.1,1.5,10028.1
51931,2021-04-01 09:53:00,14.6,1007.8,45,80,7.5,0.4,10222.0
52101,2021-04-01 09:53:00,10.1,1015.0,13,300,14.8,0.9,10458.7
52112,2021-04-01 09:53:00,0.4,1020.2,58,207,4.6,1.2,10097.6
52118,2021-04-01 09:53:00,16.7,1001.4,41,58,14.8,1.2,10308.6
52203,2021-04-01 09:53:00,22.6,1002.3,30,66,8.1,0.1,10327.8
52313,2021-04-01 09:53:00,30.2,1011.3,16,338,3.5,1.1,10332.3
56444,2021-04-01 09:53:00,27.9,1002.5,75,158,5.4,1.1,10171.6
56533,2021-04-01 09:53:00,31.1,1020.8,70,179,6.7,0.5,10438.7
56543,2021-04-01 09:53:00,22.8,1021.3,85,239,9.7,0.9,10302.4
56548,2021-04-01 09:53:00,0.2,1012.4,17,259,0.9,1.1,10482.4
56586,2021-04-01 09:53:00,33.2,1015.3,8,249,12.0,0.6,10409.8
56643,2021-04-01 09:53:00,29.8,1023.7,17,186,3.1,0.1,10389.7
56651,2021-04-01 09:53:00,12.3,1006.2,56,170,11.0,1.5,10478.3
56664,2021-04-01 09:53:00,4.6,1018.2,67,310,14.8,1.4,10057.3
56684,2021-04-01 09:53:00,16.0,1013.8,52,193,12.3,0.2,10377.3
56739,2021-04-01 09:53:00,7.4,1022.4,35,21,1.2,1.4,10100.9
56748,2021-04-01 09:53:00,6.2,1008.3,37,147,13.7,0.0,10424.4
56751,2021-04-01 09:53:00,31.6,1020.7,99,109,9.4,0.1,10234.5
56763,2021-04-01 09:53:00,9.8,1003.9,81,121,1.5,1.1,10075.3
56768,2021-04-01 09:53:00,1.6,1016.2,42,306,13.6,0.7,10129.1
56778,2021-04-01 09:53:00,34.7,1003.2,11,227,1.7,1.1,10152.2
56786,2021-04-01 09:53:00,21.7,1012.3,65,244,3.0,0.3,10411.2
56838,2021-04-01 09:53:00,8.4,1018.5,65,351,3.1,0.0,10264.9
56856,2021-04-01 09:53:00,13.4,1012.8,32,221,12.0,0.8,10008.3
56872,2021-04-01 09:53:00,5.0,1007.7,40,209,2.7,1.3,10183.8
56875,2021-04-01 09:53:00,29.0,1000.3,56,191,4.3,0.0,10489.7
56886,2021-04-01 09:53:00,22.8,1015.7,21,33,1.7,0.8,10457.3
56946,2021-04-01 09:53:00,17.5,1017.0,2,319,0.8,0.5,10388.2
56950,2021-04-01 09:53:00,18.0,1019.7,20,159,5.5,1.0,10241.5
56951,2021-04-01 09:53:00,20.3,1001.5,9,140,0.8,0.0,10406.3
56954,2021-04-01 09:53:00,8.0,1011.3,39,290,12.5,1.0,10337.4
56959,2021-04-01 09:53:00,32.9,1014.9,12,324,7.7,0.5,10452.3
56964,2021-04-01 09:53:00,0.1,1011.8,88,326,10.5,1.1,10094.2
56966,2021-04-01 09:53:00,5.0,1016.4,58,278,8.1,0.1,10370.7
56969,2021-04-01 09:53:00,10.3,1011.5,11,66,2.3,1.3,10101.6
56977,2021-04-01 09:53:00,22.3,1003.1,12,334,0.8,1.0,10124.2
56985,2021-04-01 09:53:00,1.3,1014.7,87,140,8.5,0.6,10318.2
56986,2021-04-01 09:53:00,9.6,1006.7,48,117,5.8,1.2,10417.9
56991,2021-04-01 09:53:00,6.8,1004.4,36,162,10.9,0.5,10173.7
59007,2021-04-01 09:53:00,11.9,1001.3,5,333,11.2,1.5,10378.0
58448,2021-04-01 09:53:00,12.3,1024.9,72,145,12.7,0.5,10309.1
58450,2021-04-01 09:53:00,18.0,1011.5,69,139,2.4,1.5,10079.1
58457,2021-04-01 09:53:00,27.8,1022.7,26,103,9.6,0.4,10175.6
58464,2021-04-01 09:53:00,15.8,1015.9,86,322,0.8,0.5,10280.8
58467,2021-04-01 09:53:00,21.4,1018.3,9,202,4.9,1.1,10254.7
58472,2021-04-01 09:53:00,17.4,1009.8,29,193,12.6,0.0,10378.6
58477,2021-04-01 09:53:00,5.1,1006.2,74,203,3.6,1.0,10264.1
58543,2021-04-01 09:53:00,20.4,1002.0,16,351,7.0,0.8,10121.5
58549,2021-04-01 09:53:00,10.3,1002.1,15,2,14.9,1.4,10300.7
58553,2021-04-01 09:53:00,33.2,1025.5,96,29,4.5,0.7,10297.3
58556,2021-04-01 09:53:00,8.4,1002.7,80,134,8.6,0.0,10418.7
58557,2021-04-01 09:53:00,20.9,1015.3,69,186,1.3,0.7,10051.0
58562,2021-04-01 09:53:00,32.1,1022.6,84,325,2.7,1.3,10269.2
58569,2021-04-01 09:53:00,27.1,1024.0,16,270,8.0,1.0,10053.6
58633,2021-04-01 09:53:00,32.4,1019.8,35,19,11.2,1.3,10449.7
58646,2021-04-01 09:53:00,22.2,1012.2,84,350,12.2,0.7,10367.7
58652,2021-04-01 09:53:00,1.6,1004.6,26,83,12.2,1.3,10356.6
58665,2021-04-01 09:53:00,15.4,1014.2,61,11,3.8,1.2,10288.6
58666,2021-04-01 09:53:00,1.4,1008.2,25,176,8.2,1.4,10118.6
58667,2021-04-01 09:53:00,1.4,1020.3,22,92,4.3,0.8,10055.1
58742,2021-04-01 09:53:00,24.9,1000.2,43,83,4.4,0.4,10379.1
58752,2021-04-01 09:53:00,4.7,1014.4,69,120,4.3,0.8,10142.5
58760,2021-04-01 09:53:00,16.5,1023.5,69,252,10.5,0.9,10002.7
57348,2021-04-01 09:53:00,30.4,1000.8,49,254,2.9,1.4,10004.9
57426,2021-04-01 09:53:00,17.5,1005.4,94,341,3.4,1.5,10189.5
57432,2021-04-01 09:53:00,1.6,1017.8,25,288,3.4,0.8,10414.5
57502,2021-04-01 09:53:00,2.7,1007.1,77,1,8.7,0.9,10272.9
57512,2021-04-01 09:53:00,2.8,1012.0,19,251,14.5,0.2,10104.2
57516,2021-04-01 09:53:00,13.8,1019.1,45,320,11.3,0.9,10193.7
57517,2021-04-01 09:53:00,30.0,1023.2,40,89,2.8,1.5,10360.3
57520,2021-04-01 09:53:00,32.1,1023.7,51,184,8.5,0.7,10489.4
57523,2021-04-01 09:53:00,32.5,1002.9,24,108,1.4,0.1,10438.3
57536,2021-04-01 09:53:00,26.2,1019.0,18,176,14.6,1.3,10068.3
57612,2021-04-01 09:53:00,1.4,1008.0,31,240,2.5,1.3,10086.3
57633,2021-04-01 09:53:00,23.9,1020.7,20,99,9.1,0.5,10145.4
