58015,2021-04-01 10:16:00,9.7,1024.8,37,325,0.3,0.4,10137.2
58102,2021-04-01 10:16:00,18.6,1010.4,72,165,1.2,0.3,10398.4
58118,2021-04-01 10:16:00,1.1,1008.6,37,244,14.6,0.8,10036.1
58122,2021-04-01 10:16:00,34.2,1013.8,85,278,0.1,0.1,10491.9
58203,2021-04-01 10:16:00,30.2,1020.6,26,139,5.4,0.5,10372.0
58215,2021-04-01 10:16:00,3.3,1001.6,1,201,5.2,1.2,10320.3
58221,2021-04-01 10:16:00,6.2,1012.9,90,215,10.5,1.3,10227.6
58225,2021-04-01 10:16:00,17.7,1021.1,19,348,11.0,1.4,10257.1
58236,2021-04-01 10:16:00,23.5,1024.0,78,311,8.6,1.4,10289.9
58311,2021-04-01 10:16:00,1.7,1000.8,39,130,12.9,0.2,10085.1
58314,2021-04-01 10:16:00,8.6,1023.9,3,299,7.4,1.1,10387.5
58319,2021-04-01 10:16:00,17.6,1004.3,31,55,2.0,0.1,10449.3
58321,2021-04-01 10:16:00,13.7,1002.3,83,127,10.9,1.1,10446.7
58326,2021-04-01 10:16:00,6.0,1002.8,21,276,2.7,1.0,10345.5
58336,2021-04-01 10:16:00,16.0,1025.1,22,262,11.5,1.2,10166.0
58338,2021-04-01 10:16:00,19.2,1011.2,81,151,8.8,0.2,10249.6
58414,2021-04-01 10:16:00,11.7,1007.6,74,72,6.7,0.0,10290.5
58419,2021-04-01 10:16:00,2.6,1007.7,39,93,3.1,0.6,10277.0
58424,2021-04-01 10:16:00,18.8,1015.6,100,348,2.2,0.1,10413.7
58429,2021-04-01 10:16:00,18.6,1014.7,57,251,6.6,0.0,10411.7
58436,2021-04-01 10:16:00,2.2,1018.6,13,74,11.2,0.1,10049.1
58437,2021-04-01 10:16:00,32.4,1015.8,99,107,1.3,0.8,10156.6
58520,2021-04-01 10:16:00,17.6,1025.8,43,236,2.1,0.2,10382.8
58531,2021-04-01 10:16:00,25.7,1007.0,40,255,6.2,0.0,10276.9
54406,2021-04-01 10:16:00,30.0,1018.4,73,305,8.5,0.4,10475.7
54416,2021-04-01 10:16:00,8.8,1025.9,11,331,6.3,0.8,10067.7
54511,2021-04-01 10:16:00,19.9,1006.3,25,22,4.8,1.0,10031.6
58725,2021-04-01 10:16:00,21.7,1025.2,7,195,2.9,1.4,10004.3
58730,2021-04-01 10:16:00,22.7,1000.4,21,204,2.8,0.0,10452.7
58731,2021-04-01 10:16:00,23.8,1004.3,13,108,0.0,0.6,10061.7
58734,2021-04-01 10:16:00,31.3,1005.2,43,213,3.2,1.4,10483.8
58737,2021-04-01 10:16:00,5.1,1011.4,98,331,10.1,1.5,10171.5
58744,2021-04-01 10:16:00,26.1,1015.6,74,236,4.5,0.5,10358.7
58754,2021-04-01 10:16:00,0.6,1022.0,14,172,2.0,1.4,10237.4
58818,2021-04-01 10:16:00,8.3,1004.5,64,277,8.5,0.6,10060.4
58820,2021-04-01 10:16:00,20.1,1019.6,98,70,1.5,1.0,10252.3
58834,2021-04-01 10:16:00,4.6,1016.5,73,352,5.3,0.9,10131.5
58837,2021-04-01 10:16:00,18.0,1018.4,82,285,8.6,1.0,10164.3
58843,2021-04-01 10:16:00,8.0,1025.9,82,179,2.5,0.8,10376.6
58846,2021-04-01 10:16:00,24.9,1023.2,48,241,7.9,0.9,10100.5
58847,2021-04-01 10:16:00,31.7,1014.3,86,307,14.3,0.9,10054.8
58911,2021-04-01 10:16:00,30.0,1006.3,53,48,5.3,1.3,10450.4
58918,2021-04-01 10:16:00,21.7,1015.1,47,268,10.6,1.5,10346.0
58921,2021-04-01 10:16:00,28.4,1019.1,98,45,7.4,0.4,10120.1
58926,2021-04-01 10:16:00,19.9,1015.3,11,73,3.7,0.8,10255.6
58927,2021-04-01 10:16:00,8.5,1013.2,93,331,11.6,0.0,10098.0
58931,2021-04-01 10:16:00,6.7,1024.9,57,210,6.1,1.4,10409.1
58933,2021-04-01 10:16:00,29.4,1010.1,40,162,0.3,0.8,10378.3
58936,2021-04-01 10:16:00,15.6,1021.7,26,236,12.6,1.2,10454.9
58944,2021-04-01 10:16:00,8.2,1017.9,15,57,4.1,0.3,10437.9
59113,2021-04-01 10:16:00,34.0,1004.5,61,198,3.5,0.9,10214.7
59126,2021-04-01 10:16:00,1.0,1000.0,1,187,10.7,1.5,10199.6
59133,2021-04-01 10:16:00,27.6,1003.7,69,133,5.9,0.9,10404.1
59134,2021-04-01 10:16:00,8.7,1022.6,71,32,1.7,0.1,10288.3
59321,2021-04-01 10:16:00,15.5,1006.6,32,88,0.1,0.7,10008.4
52323,2021-04-01 10:16:00,25.9,1000.9,41,78,4.0,0.8,10179.9
52418,2021-04-01 10:16:00,24.0,1025.3,79,39,11.0,0.2,10093.4
52424,2021-04-01 10:16:00,0.5,1007.7,34,39,12.5,1.1,10226.4
52436,2021-04-01 10:16:00,30.2,1000.7,14,194,13.8,0.8,10236.5
52446,2021-04-01 10:16:00,30.6,1018.3,74,160,10.2,0.9,10123.0
52447,2021-04-01 10:16:00,0.4,1017.2,29,341,9.0,1.5,10337.7
52533,2021-04-01 10:16:00,5.3,1016.3,5,32,4.7,1.3,10193.5
52546,2021-04-01 10:16:00,0.8,1001.0,47,218,13.9,0.8,10242.2
52652,2021-04-01 10:16:00,22.5,1004.6,47,342,4.4,0.0,10255.2
52661,2021-04-01 10:16:00,30.7,1007.2,26,273,4.5,0.6,10117.0
52674,2021-04-01 10:16:00,24.4,1006.8,88,170,11.6,0.4,10330.2
52679,2021-04-01 10:16:00,34.5,1007.3,98,171,8.0,0.7,10045.2
52681,2021-04-01 10:16:00,13.6,1011.0,82,62,11.2,0.7,10292.4
52787,2021-04-01 10:16:00,23.2,1022.1,31,249,3.9,0.0,10294.7
52797,2021-04-01 10:16:00,4.3,1023.7,91,15,7.5,0.5,10181.4
52884,2021-04-01 10:16:00,1.5,1001.8,80,61,0.9,0.4,10056.5
52895,2021-04-01 10:16:00,17.1,1020.7,62,53,12.9,0.6,10027.7
52983,2021-04-01 10:16:00,2.0,1015.7,92,172,12.3,0.2,10119.6
52984,2021-04-01 10:16:00,19.0,1023.5,17,42,9.4,0.2,10145.3
52986,2021-04-01 10:16:00,16.6,1022.3,44,44,11.3,0.7,10154.6
52996,2021-04-01 10:16:00,9.9,1009.3,79,226,2.7,0.8,10354.6
53821,2021-04-01 10:16:00,4.0,1010.9,96,150,10.8,0.2,10293.9
53915,2021-04-01 10:16:00,6.2,1010.0,69,288,9.0,0.0,10434.0
53923,2021-04-01 10:16:00,17.6,1002.0,82,97,13.5,0.8,10291.7
56074,2021-04-01 10:16:00,11.4,1023.1,1,25,10.5,0.2,10180.6
56080,2021-04-01 10:16:00,16.5,1024.2,23,349,10.9,0.5,10186.9
56093,2021-04-01 10:16:00,27.4,1002.1,47,343,11.8,0.6,10222.8
56096,2021-04-01 10:16:00,8.1,1012.8,8,257,5.0,0.8,10027.7
57014,2021-04-01 10:16:00,29.7,1002.4,30,177,11.6,0.9,10448.7
57996,2021-04-01 10:16:00,15.8,1002.4,58,53,8.4,0.8,10125.9
59072,2021-04-01 10:16:00,6.7,1003.9,88,260,10.7,0.5,10447.4
59082,2021-04-01 10:16:00,12.5,1018.9,69,269,5.7,0.7,10415.1
59087,2021-04-01 10:16:00,22.2,1004.0,94,58,3.1,0.2,10129.7
59088,2021-04-01 10:16:00,7.2,1025.8,3,210,1.5,0.3,10465.1
59096,2021-04-01 10:16:00,33.0,1006.6,72,172,4.3,0.2,10469.6
59097,2021-04-01 10:16:00,16.9,1000.7,21,240,5.1,0.8,10306.3
59107,2021-04-01 10:16:00,25.9,1025.7,61,139,3.4,0.5,10130.4
59116,2021-04-01 10:16:00,14.4,1017.0,6,333,3.5,0.7,10178.4
59117,2021-04-01 10:16:00,25.8,1023.8,13,111,11.2,1.1,10191.3
59271,2021-04-01 10:16:00,17.9,1015.5,1,229,4.4,0.0,10354.9
59278,2021-04-01 10:16:00,33.0,1023.5,16,166,13.2,1.5,10332.8
59280,2021-04-01 10:16:00,31.2,1022.3,48,285,6.5,0.0,10498.4
59287,2021-04-01 10:16:00,19.1,1006.6,87,315,8.2,1.0,10418.9
59289,2021-04-01 10:16:00,23.0,1010.5,55,191,8.2,1.0,10316.0
59293,2021-04-01 10:16:00,0.1,1013.8,55,95,4.5,0.6,10423.3
59294,2021-04-01 10:16:00,14.2,1001.9,12,67,13.4,0.7,10170.9
59298,2021-04-01 10:16:00,2.3,1018.8,35,224,2.7,0.5,10102.6
59303,2021-04-01 10:16:00,18.4,1000.3,70,25,0.9,1.1,10300.1
59304,2021-04-01 10:16:00,2.5,1010.1,21,150,11.2,0.7,10119.6
59306,2021-04-01 10:16:00,22.3,1020.4,80,327,4.8,1.0,10487.3
59310,2021-04-01 10:16:00,30.3,1011.4,71,164,6.5,0.5,10370.7
59316,2021-04-01 10:16:00,17.3,1025.8,52,321,0.1,0.5,10470.9
59317,2021-04-01 10:16:00,29.3,1000.6,67,326,3.0,0.6,10463.4
59324,2021-04-01 10:16:00,28.6,1010.0,23,329,6.6,1.3,10360.6
59456,2021-04-01 10:16:00,20.2,1011.8,24,170,14.5,0.6,10124.9
59462,2021-04-01 10:16:00,32.7,1007.1,28,122,8.1,1.0,10276.9
59478,2021-04-01 10:16:00,23.2,1013.1,66,317,0.0,0.7,10429.1
59485,2021-04-01 10:16:00,17.7,1015.6,80,292,3.7,0.9,10301.2
59488,2021-04-01 10:16:00,4.3,1002.1,11,90,0.0,1.0,10336.5
59493,2021-04-01 10:16:00,29.5,1015.0,8,17,3.1,0.6,10037.9
59501,2021-04-01 10:16:00,30.1,1000.2,67,126,1.6,1.1,10420.6
59658,2021-04-01 10:16:00,21.4,1011.4,99,166,8.5,0.6,10320.1
59663,2021-04-01 10:16:00,26.1,1006.3,92,240,14.0,0.6,10248.4
59664,2021-04-01 10:16:00,0.8,1016.0,72,67,7.2,1.0,10144.0
59673,2021-04-01 10:16:00,34.0,1011.4,56,27,2.8,1.3,10247.3
59754,2021-04-01 10:16:00,6.2,1019.4,62,240,2.0,0.3,10176.3
57947,2021-04-01 10:16:00,20.8,1019.4,29,92,12.5,0.0,10400.4
57957,2021-04-01 10:16:00,22.0,1024.1,63,307,11.8,0.5,10343.7
57958,2021-04-01 10:16:00,22.9,1019.0,91,353,13.1,0.9,10119.1
59021,2021-04-01 10:16:00,26.5,1022.5,30,264,7.6,1.0,10024.5
59023,2021-04-01 10:16:00,9.4,1003.4,76,185,9.5,0.0,10175.0
59027,2021-04-01 10:16:00,21.7,1014.8,50,327,5.6,0.0,10350.5
59037,2021-04-01 10:16:00,31.8,1023.1,41,34,1.9,0.2,10364.0
59046,2021-04-01 10:16:00,20.8,1003.4,72,212,4.9,0.4,10070.0
59058,2021-04-01 10:16:00,30.3,1005.7,39,55,5.1,1.3,10387.7
59065,2021-04-01 10:16:00,1.5,1014.1,19,269,14.9,0.8,10397.5
59209,2021-04-01 10:16:00,13.6,1025.6,4,319,3.9,0.7,10493.1
59211,2021-04-01 10:16:00,3.4,1021.1,53,351,0.5,0.3,10117.0
59218,2021-04-01 10:16:00,26.6,1014.5,45,254,12.7,0.6,10165.1
59228,2021-04-01 10:16:00,13.9,1008.5,92,8,2.1,0.5,10060.8
59242,2021-04-01 10:16:00,9.3,1013.1,59,218,11.7,0.9,10143.8
59254,2021-04-01 10:16:00,24.5,1005.6,4,117,13.2,0.8,10494.8
59265,2021-04-01 10:16:00,21.4,1019.3,57,327,1.3,0.8,10263.1
59417,2021-04-01 10:16:00,6.8,1020.7,44,70,13.9,0.2,10394.0
59431,2021-04-01 10:16:00,6.7,1019.6,49,331,7.9,0.6,10468.5
59446,2021-04-01 10:16:00,26.7,1020.9,21,278,7.6,1.1,10282.6
59453,2021-04-01 10:16:00,17.3,1018.1,9,322,11.5,0.8,10213.4
59626,2021-04-01 10:16:00,13.5,1002.5,84,141,10.9,1.0,10258.8
59631,2021-04-01 10:16:00,33.8,1010.0,43,199,11.1,0.7,10178.8
59632,2021-04-01 10:16:00,23.0,1013.6,5,333,12.1,0.8,10399.8
59644,2021-04-01 10:16:00,8.4,1013.2,80,239,13.3,0.7,10166.9
59647,2021-04-01 10:16:00,8.7,1003.7,64,241,12.7,0.2,10047.9
56691,2021-04-01 10:16:00,6.0,1006.7,98,297,9.2,0.4,10382.6
56693,2021-04-01 10:16:00,1.2,1016.0,92,249,8.6,0.3,10078.4
56792,2021-04-01 10:16:00,24.0,1023.9,95,306,7.6,0.9,10023.2
56793,2021-04-01 10:16:00,29.4,1015.6,33,22,2.3,1.5,10102.3
57606,2021-04-01 10:16:00,0.1,1002.8,50,230,12.5,1.4,10236.6
57614,2021-04-01 10:16:00,33.2,1006.6,77,216,2.3,1.1,10280.6
57625,2021-04-01 10:16:00,8.3,1005.9,21,107,4.0,0.3,10145.0
57647,2021-04-01 10:16:00,30.2,1002.9,97,10,11.1,0.4,10236.0
57707,2021-04-01 10:16:00,14.3,1022.7,88,187,12.5,0.4,10294.0
57710,2021-04-01 10:16:00,9.5,1026.4,6,173,12.3,0.1,10226.2
57712,2021-04-01 10:16:00,31.4,1002.0,80,136,11.6,0.7,10272.9
57718,2021-04-01 10:16:00,28.6,1010.3,3,55,1.3,1.0,10048.5
57722,2021-04-01 10:16:00,4.3,1014.3,50,40,0.7,0.8,10236.1
57729,2021-04-01 10:16:00,30.4,1018.1,78,75,6.1,1.4,10060.4
57731,2021-04-01 10:16:00,7.3,1022.2,63,142,6.7,0.5,10008.7
57741,2021-04-01 10:16:00,33.8,1004.3,16,235,11.1,0.5,10010.8
57803,2021-04-01 10:16:00,8.2,1015.4,29,330,9.9,1.3,10219.3
57805,2021-04-01 10:16:00,21.4,1023.5,64,21,14.6,0.4,10392.9
57806,2021-04-01 10:16:00,2.2,1026.0,91,293,14.2,0.8,10179.5
57816,2021-04-01 10:16:00,8.5,1001.4,68,340,3.9,1.4,10386.9
57825,2021-04-01 10:16:00,26.1,1024.3,18,297,7.2,0.5,10168.1
57827,2021-04-01 10:16:00,7.6,1004.9,43,29,9.9,0.5,10491.1
57832,2021-04-01 10:16:00,19.7,1012.8,53,85,7.5,1.4,10345.7
57839,2021-04-01 10:16:00,7.3,1013.6,79,21,4.0,0.9,10401.2
57840,2021-04-01 10:16:00,27.5,1022.4,77,42,13.2,1.0,10381.1
57902,2021-04-01 10:16:00,4.6,1014.0,43,59,12.4,1.3,10159.0
57906,2021-04-01 10:16:00,32.5,1008.4,85,71,4.2,0.0,10418.2
57907,2021-04-01 10:16:00,26.1,1006.8,79,297,2.4,0.5,10379.2
57910,2021-04-01 10:16:00,28.8,1017.9,53,248,3.6,0.8,10047.7
57912,2021-04-01 10:16:00,10.0,1025.1,46,237,12.2,0.4,10063.9
57916,2021-04-01 10:16:00,0.4,1006.5,70,312,6.9,1.3,10490.4
57922,2021-04-01 10:16:00,4.1,1025.4,72,273,1.9,0.1,10233.7
57926,2021-04-01 10:16:00,31.2,1019.5,42,265,11.7,0.1,10389.2
57932,2021-04-01 10:16:00,10.8,1010.8,1,35,5.2,0.9,10174.9
59758,2021-04-01 10:16:00,9.1,1008.3,14,66,6.0,0.2,10081.3
59838,2021-04-01 10:16:00,0.1,1023.3,94,114,7.9,0.4,10298.2
59845,2021-04-01 10:16:00,15.4,1018.5,51,97,13.0,0.7,10264.8
59849,2021-04-01 10:16:00,29.8,1020.1,80,332,1.1,1.5,10200.9
59855,2021-04-01 10:16:00,16.0,1022.5,85,251,1.0,0.1,10162.3
59948,2021-04-01 10:16:00,8.0,1020.2,69,351,7.2,1.0,10102.1
59954,2021-04-01 10:16:00,29.2,1018.7,77,354,0.2,0.2,10458.2
59981,2021-04-01 10:16:00,19.0,1022.9,66,162,10.7,0.9,10144.4
53399,2021-04-01 10:16:00,9.5,1014.4,68,136,5.1,0.7,10454.7
53593,2021-04-01 10:16:00,2.6,1000.1,99,133,13.5,1.0,10284.6
53698,2021-04-01 10:16:00,13.8,1021.4,34,50,1.7,0.1,10460.8
53798,2021-04-01 10:16:00,13.4,1022.8,69,16,0.9,0.6,10432.5
54308,2021-04-01 10:16:00,26.5,1023.6,79,18,0.7,0.1,10339.2
54311,2021-04-01 10:16:00,8.0,1018.8,7,241,14.9,0.8,10062.1
54401,2021-04-01 10:16:00,7.8,1019.5,43,63,11.1,1.5,10308.5
54405,2021-04-01 10:16:00,10.8,1005.6,72,162,2.6,1.5,10054.7
54423,2021-04-01 10:16:00,11.2,1024.5,50,17,0.8,1.5,10379.5
54429,2021-04-01 10:16:00,15.4,1022.9,74,277,12.5,0.4,10330.0
54436,2021-04-01 10:16:00,4.7,1012.6,57,153,6.3,0.6,10323.1
54449,2021-04-01 10:16:00,26.2,1011.5,63,145,11.3,0.9,10337.3
54518,2021-04-01 10:16:00,4.7,1003.2,19,220,5.2,0.3,10052.5
54534,2021-04-01 10:16:00,23.5,1015.4,85,279,2.5,0.5,10296.8
54535,2021-04-01 10:16:00,15.6,1005.7,7,87,7.6,1.4,10419.4
54539,2021-04-01 10:16:00,10.9,1021.7,49,164,13.9,0.3,10209.9
54602,2021-04-01 10:16:00,10.8,1000.3,82,144,7.5,1.5,10457.0
54606,2021-04-01 10:16:00,13.8,1003.4,62,263,11.8,0.1,10066.3
54618,2021-04-01 10:16:00,15.0,1002.5,31,46,14.4,0.4,10432.5
54624,2021-04-01 10:16:00,22.6,1000.7,66,172,1.6,0.5,10135.9
54705,2021-04-01 10:16:00,1.1,1002.8,51,189,2.9,0.8,10262.6
53898,2021-04-01 10:16:00,33.9,1004.6,31,358,0.2,1.2,10165.9
53986,2021-04-01 10:16:00,26.8,1018.6,56,338,9.8,0.5,10021.7
57051,2021-04-01 10:16:00,4.0,1013.0,42,147,2.9,1.0,10385.9
57067,2021-04-01 10:16:00,0.3,1009.3,9,192,10.4,0.6,10011.5
57071,2021-04-01 10:16:00,4.4,1005.5,69,311,7.4,1.4,10334.0
57077,2021-04-01 10:16:00,15.2,1007.4,64,241,13.6,0.7,10046.6
57083,2021-04-01 10:16:00,28.3,1009.8,88,161,13.6,0.8,10276.1
57084,2021-04-01 10:16:00,30.6,1008.6,81,83,6.1,0.4,10117.5
57089,2021-04-01 10:16:00,15.6,1015.4,30,110,9.1,0.5,10229.5
57091,2021-04-01 10:16:00,10.0,1002.5,25,136,9.6,1.5,10057.6
57156,2021-04-01 10:16:00,31.1,1014.5,21,91,6.9,0.7,10263.5
57178,2021-04-01 10:16:00,5.0,1007.2,6,122,7.5,0.6,10490.4
57181,2021-04-01 10:16:00,25.9,1018.8,6,92,2.9,0.2,10021.2
57193,2021-04-01 10:16:00,24.1,1024.6,49,150,8.8,0.4,10097.6
57285,2021-04-01 10:16:00,14.8,1019.9,88,289,7.4,1.1,10090.0
57290,2021-04-01 10:16:00,11.7,1017.3,97,302,0.5,1.0,10066.0
57297,2021-04-01 10:16:00,32.9,1018.2,15,29,2.0,1.5,10071.2
58005,2021-04-01 10:16:00,7.7,1024.1,28,343,14.2,0.4,10004.3
58111,2021-04-01 10:16:00,4.8,1011.5,53,16,6.6,1.1,10224.4
58208,2021-04-01 10:16:00,16.5,1014.9,30,28,6.7,1.4,10256.9
50136,2021-04-01 10:16:00,30.5,1013.2,21,317,12.4,1.0,10372.4
50246,2021-04-01 10:16:00,25.2,1023.4,100,66,11.2,0.7,10411.2
50247,2021-04-01 10:16:00,11.3,1002.3,36,116,10.5,1.1,10238.6
50349,2021-04-01 10:16:00,7.7,1025.0,43,87,3.1,0.3,10052.3
50353,2021-04-01 10:16:00,22.0,1012.6,99,66,13.5,0.2,10430.5
50442,2021-04-01 10:16:00,8.5,1005.5,63,156,0.9,0.5,10127.9
50468,2021-04-01 10:16:00,29.9,1017.0,77,97,4.5,0.7,10116.8
50557,2021-04-01 10:16:00,2.5,1025.2,22,307,13.4,1.5,10242.5
50564,2021-04-01 10:16:00,19.6,1017.4,50,317,9.2,0.4,10280.2
50656,2021-04-01 10:16:00,30.6,1000.8,31,247,2.3,0.0,10056.6
50658,2021-04-01 10:16:00,27.0,1014.8,51,317,10.0,0.2,10439.0
50674,2021-04-01 10:16:00,5.6,1020.1,4,349,9.3,1.3,10171.2
50739,2021-04-01 10:16:00,17.0,1022.5,71,265,8.1,1.5,10129.3
50742,2021-04-01 10:16:00,1.8,1005.9,10,162,14.0,0.4,10131.3
50745,2021-04-01 10:16:00,17.9,1024.3,38,0,14.6,1.5,10051.6
50756,2021-04-01 10:16:00,17.5,1005.2,97,175,5.8,0.7,10347.0
50758,2021-04-01 10:16:00,3.5,1009.1,21,32,11.7,1.4,10258.1
50774,2021-04-01 10:16:00,8.7,1020.1,93,132,3.3,1.4,10064.0
50778,2021-04-01 10:16:00,34.4,1004.9,69,208,8.4,1.3,10394.7
50788,2021-04-01 10:16:00,30.7,1005.8,51,230,1.7,0.2,10477.4
50844,2021-04-01 10:16:00,24.1,1026.2,22,60,12.4,1.3,10382.4
50853,2021-04-01 10:16:00,2.6,1013.8,43,311,14.6,1.5,10248.2
50854,2021-04-01 10:16:00,1.7,1007.4,43,44,3.5,0.2,10249.5
50862,2021-04-01 10:16:00,23.9,1014.6,86,222,6.9,0.3,10378.9
50873,2021-04-01 10:16:00,5.7,1010.3,62,55,8.3,1.0,10109.3
50877,2021-04-01 10:16:00,8.1,1003.5,61,260,10.8,0.6,10067.1
50888,2021-04-01 10:16:00,15.9,1015.9,60,156,12.8,1.0,10386.4
50950,2021-04-01 10:16:00,29.8,1014.3,87,223,4.0,0.3,10051.5
50953,2021-04-01 10:16:00,1.1,1023.1,23,240,9.6,1.1,10187.1
50955,2021-04-01 10:16:00,3.2,1017.8,64,48,4.3,1.1,10371.4
50963,2021-04-01 10:16:00,19.5,1018.4,85,91,11.9,1.5,10482.3
50968,2021-04-01 10:16:00,8.9,1001.6,41,163,7.0,1.4,10488.1
50973,2021-04-01 10:16:00,1.5,1005.4,36,105,1.5,0.1,10005.5
50978,2021-04-01 10:16:00,21.9,1008.8,46,81,1.3,0.4,10066.3
50983,2021-04-01 10:16:00,34.2,1023.5,23,312,11.4,1.4,10251.9
54094,2021-04-01 10:16:00,17.4,1012.8,28,345,5.7,0.3,10388.7
54096,2021-04-01 10:16:00,9.2,1010.8,99,71,0.2,1.3,10404.0
57251,2021-04-01 10:16:00,2.1,1010.0,95,330,3.8,1.1,10033.7
57256,2021-04-01 10:16:00,32.1,1021.4,6,159,13.6,1.1,10410.3
57259,2021-04-01 10:16:00,27.4,1006.0,52,206,4.0,0.6,10255.0
57265,2021-04-01 10:16:00,25.6,1003.8,24,186,14.8,0.1,10000.9
57278,2021-04-01 10:16:00,7.6,1000.6,87,61,10.3,0.4,10379.4
57279,2021-04-01 10:16:00,0.9,1022.3,28,184,7.4,0.0,10470.7
57355,2021-04-01 10:16:00,16.6,1004.4,33,242,9.6,0.3,10058.1
57358,2021-04-01 10:16:00,21.7,1021.4,24,24,6.4,1.0,10224.4
57359,2021-04-01 10:16:00,30.9,1024.9,81,16,12.8,1.4,10314.7
57363,2021-04-01 10:16:00,28.2,1017.2,93,65,7.7,1.5,10320.8
57378,2021-04-01 10:16:00,22.1,1000.3,78,315,11.4,0.9,10120.9
57381,2021-04-01 10:16:00,27.9,1020.0,83,137,11.1,1.3,10439.5
57395,2021-04-01 10:16:00,3.5,1008.6,44,11,7.7,1.5,10400.0
57399,2021-04-01 10:16:00,32.0,1013.5,49,189,14.9,0.4,10216.6
57439,2021-04-01 10:16:00,8.0,1018.4,88,31,1.7,0.1,10025.7
57445,2021-04-01 10:16:00,2.7,1017.8,81,252,2.3,0.6,10284.7
57447,2021-04-01 10:16:00,25.2,1008.4,75,233,7.7,1.0,10126.4
57458,2021-04-01 10:16:00,32.3,1004.0,64,292,14.3,0.7,10080.9
57461,2021-04-01 10:16:00,20.2,1023.1,20,263,12.0,0.7,10324.0
57476,2021-04-01 10:16:00,12.8,1004.6,6,81,5.4,0.1,10332.5
57482,2021-04-01 10:16:00,16.3,1017.2,56,136,6.8,1.0,10130.4
57483,2021-04-01 10:16:00,30.5,1023.2,87,61,14.7,0.6,10173.4
57493,2021-04-01 10:16:00,24.3,1016.5,20,147,12.3,1.0,10192.8
57494,2021-04-01 10:16:00,20.4,1011.9,17,133,2.7,0.9,10070.9
57545,2021-04-01 10:16:00,26.3,1024.1,21,174,0.5,0.0,10118.4
57573,2021-04-01 10:16:00,23.4,1008.3,65,242,1.0,0.7,10442.0
57581,2021-04-01 10:16:00,13.4,1009.0,41,304,2.2,1.1,10472.6
57583,2021-04-01 10:16:00,35.0,1005.7,54,21,0.3,0.5,10363.7
57595,2021-04-01 10:16:00,5.0,1001.8,30,277,10.1,0.5,10254.0
58402,2021-04-01 10:16:00,18.8,1017.2,66,143,8.7,0.2,10374.6
58407,2021-04-01 10:16:00,7.4,1025.2,85,81,4.2,0.8,10088.4
58500,2021-04-01 10:16:00,29.3,1004.8,61,292,14.2,0.1,10243.6
57554,2021-04-01 10:16:00,1.9,1004.9,81,258,7.7,0.5,10395.6
57562,2021-04-01 10:16:00,29.3,1015.8,31,218,9.2,0.4,10412.4
57574,2021-04-01 10:16:00,14.2,1024.0,83,133,6.7,1.0,10339.5
57584,2021-04-01 10:16:00,17.6,1016.2,64,269,3.0,0.3,10061.1
57642,2021-04-01 10:16:00,18.8,1013.3,1,10,7.3,0.8,10141.8
57649,2021-04-01 10:16:00,16.6,1003.9,49,351,10.7,0.6,10091.2
57655,2021-04-01 10:16:00,2.9,1000.8,95,153,5.8,0.4,10343.1
57662,2021-04-01 10:16:00,27.9,1020.7,14,300,8.7,1.3,10153.6
57669,2021-04-01 10:16:00,4.9,1024.7,65,184,14.1,0.0,10187.2
57671,2021-04-01 10:16:00,17.6,1012.6,67,288,9.0,0.2,10338.6
57673,2021-04-01 10:16:00,33.5,1008.7,74,201,7.5,0.4,10058.5
57679,2021-04-01 10:16:00,30.9,1004.6,54,3,3.9,0.7,10170.5
57682,2021-04-01 10:16:00,4.3,1003.3,75,47,10.0,0.6,10213.0
57687,2021-04-01 10:16:00,31.4,1006.9,58,49,10.0,0.0,10020.1
57745,2021-04-01 10:16:00,31.4,1004.7,83,260,13.9,0.3,10128.9
57749,2021-04-01 10:16:00,27.0,1011.5,77,3,7.2,0.9,10159.4
57752,2021-04-01 10:16:00,14.8,1010.0,23,191,9.8,0.0,10039.5
57758,2021-04-01 10:16:00,0.2,1020.8,83,26,14.2,0.7,10009.2
57761,2021-04-01 10:16:00,30.9,1008.7,39,216,6.0,0.0,10113.3
57766,2021-04-01 10:16:00,19.4,1021.2,19,68,10.5,0.2,10384.6
57774,2021-04-01 10:16:00,25.2,1020.9,43,2,13.0,1.2,10066.5
57776,2021-04-01 10:16:00,2.8,1015.5,76,73,0.3,0.5,10261.4
57779,2021-04-01 10:16:00,7.5,1003.6,89,283,1.8,1.4,10231.7
57780,2021-04-01 10:16:00,32.1,1003.3,8,172,7.7,0.1,10356.5
57841,2021-04-01 10:16:00,16.4,1017.8,77,351,0.5,1.4,10224.0
57845,2021-04-01 10:16:00,30.0,1020.9,91,227,10.1,1.0,10313.6
57853,2021-04-01 10:16:00,18.9,1010.7,82,235,12.8,0.9,10453.8
57857,2021-04-01 10:16:00,6.7,1025.7,30,359,4.5,0.0,10349.5
57860,2021-04-01 10:16:00,3.5,1013.9,65,27,3.9,1.2,10471.9
57866,2021-04-01 10:16:00,27.2,1025.7,25,111,4.6,1.4,10219.6
57872,2021-04-01 10:16:00,21.1,1015.9,1,335,11.4,0.1,10456.7
57874,2021-04-01 10:16:00,17.3,1022.2,13,13,5.1,0.9,10450.7
57889,2021-04-01 10:16:00,25.8,1014.7,85,300,9.3,0.4,10342.6
57965,2021-04-01 10:16:00,17.8,1025.9,99,349,5.6,1.4,10057.2
57972,2021-04-01 10:16:00,5.6,1001.8,61,355,2.3,0.0,10232.3
57974,2021-04-01 10:16:00,31.1,1022.7,25,41,9.9,1.2,10062.9
50936,2021-04-01 10:16:00,17.8,1009.9,1,290,0.8,0.4,10437.6
50945,2021-04-01 10:16:00,27.0,1007.4,51,347,3.3,0.8,10330.9
50948,2021-04-01 10:16:00,25.5,1010.7,78,275,11.0,0.5,10010.2
50949,2021-04-01 10:16:00,18.5,1010.3,13,44,10.0,0.4,10218.1
54041,2021-04-01 10:16:00,32.3,1022.9,86,213,10.3,0.9,10152.6
54049,2021-04-01 10:16:00,20.4,1024.3,27,85,11.2,1.2,10393.3
54063,2021-04-01 10:16:00,8.6,1025.3,70,116,10.0,1.4,10472.4
54064,2021-04-01 10:16:00,11.8,1014.3,34,140,4.1,0.5,10211.4
54142,2021-04-01 10:16:00,34.9,1011.0,35,33,6.1,1.1,10345.5
54157,2021-04-01 10:16:00,10.2,1013.1,3,169,13.0,1.2,10298.8
54161,2021-04-01 10:16:00,25.2,1008.3,48,320,13.6,0.0,10179.3
54165,2021-04-01 10:16:00,3.9,1010.2,12,3,0.5,0.8,10258.9
54171,2021-04-01 10:16:00,22.7,1003.0,32,180,8.0,1.4,10465.8
54181,2021-04-01 10:16:00,24.9,1020.9,38,349,4.6,1.1,10463.2
54186,2021-04-01 10:16:00,28.8,1019.7,35,72,8.0,0.5,10331.9
54195,2021-04-01 10:16:00,14.0,1024.9,94,339,2.1,0.1,10455.5
54260,2021-04-01 10:16:00,25.7,1023.0,70,356,5.1,1.3,10166.3
54263,2021-04-01 10:16:00,31.4,1005.1,56,85,1.0,1.2,10420.5
54266,2021-04-01 10:16:00,6.6,1018.8,74,66,10.7,0.7,10246.8
54273,2021-04-01 10:16:00,0.5,1019.0,29,269,14.9,0.9,10042.0
54276,2021-04-01 10:16:00,30.8,1016.0,36,248,8.6,0.4,10460.3
54284,2021-04-01 10:16:00,24.5,1004.4,94,80,8.0,0.4,10335.5
54285,2021-04-01 10:16:00,16.9,1016.4,33,19,8.0,0.9,10462.9
54286,2021-04-01 10:16:00,30.7,1000.9,2,247,11.4,1.3,10463.3
54292,2021-04-01 10:16:00,18.5,1021.2,10,185,8.5,1.2,10302.0
54363,2021-04-01 10:16:00,10.3,1009.2,10,112,11.2,0.3,10228.6
54374,2021-04-01 10:16:00,22.5,1021.2,31,95,0.4,1.4,10344.9
54377,2021-04-01 10:16:00,5.8,1016.3,78,255,4.2,1.0,10474.3
54386,2021-04-01 10:16:00,21.1,1014.4,44,351,6.3,0.8,10017.7
58026,2021-04-01 10:16:00,22.7,1024.5,94,123,10.3,0.7,10108.1
58027,2021-04-01 10:16:00,32.0,1015.2,21,309,2.1,1.0,10299.5
58038,2021-04-01 10:16:00,16.0,1011.6,85,153,13.9,0.1,10329.2
58040,2021-04-01 10:16:00,30.0,1014.3,97,142,5.2,0.3,10002.7
58047,2021-04-01 10:16:00,18.8,1006.9,75,38,9.6,0.0,10486.0
58130,2021-04-01 10:16:00,16.3,1025.5,30,76,13.7,0.1,10169.5
58135,2021-04-01 10:16:00,11.9,1014.1,76,116,1.9,1.5,10171.0
58138,2021-04-01 10:16:00,1.1,1008.1,43,122,6.9,0.6,10178.3
58141,2021-04-01 10:16:00,0.5,1008.5,52,92,12.6,0.5,10369.2
58143,2021-04-01 10:16:00,15.6,1011.2,57,84,12.2,0.1,10258.1
58150,2021-04-01 10:16:00,11.3,1004.8,71,312,14.1,0.1,10158.0
58158,2021-04-01 10:16:00,1.3,1023.0,10,258,8.6,0.8,10274.3
58238,2021-04-01 10:16:00,28.4,1011.7,51,80,2.2,0.5,10286.7
58241,2021-04-01 10:16:00,28.9,1006.5,36,221,12.8,1.1,10222.3
58251,2021-04-01 10:16:00,5.8,1020.3,38,314,6.8,0.4,10343.1
58252,2021-04-01 10:16:00,35.0,1023.7,47,219,6.8,0.7,10432.5
58255,2021-04-01 10:16:00,9.7,1010.1,4,2,0.4,0.1,10407.8
58259,2021-04-01 10:16:00,8.9,1006.1,16,197,3.6,1.5,10212.3
58265,2021-04-01 10:16:00,21.3,1019.7,48,189,12.3,0.4,10244.1
58343,2021-04-01 10:16:00,31.2,1025.9,70,33,0.4,0.7,10038.4
58345,2021-04-01 10:16:00,24.9,1004.4,15,346,3.6,0.5,10286.2
58354,2021-04-01 10:16:00,8.8,1020.7,84,58,13.0,0.6,10245.8
58356,2021-04-01 10:16:00,28.5,1014.9,98,165,9.4,1.2,10342.7
58358,2021-04-01 10:16:00,13.7,1025.6,90,332,12.7,0.2,10313.4
57598,2021-04-01 10:16:00,28.7,1015.7,91,75,5.2,0.4,10453.2
57696,2021-04-01 10:16:00,28.3,1002.9,23,90,9.8,0.9,10422.2
57789,2021-04-01 10:16:00,20.0,1009.1,97,42,5.5,1.3,10408.4
57793,2021-04-01 10:16:00,19.5,1024.7,47,260,2.5,0.3,10147.2
57799,2021-04-01 10:16:00,26.3,1013.6,51,36,12.3,0.0,10073.9
57894,2021-04-01 10:16:00,9.8,1004.2,78,165,7.3,0.0,10337.5
57896,2021-04-01 10:16:00,15.4,1013.7,97,84,11.3,0.0,10272.5
57993,2021-04-01 10:16:00,5.0,1002.9,99,92,3.1,0.0,10068.9
58506,2021-04-01 10:16:00,33.2,1007.1,79,351,2.9,0.0,10043.3
58507,2021-04-01 10:16:00,34.3,1008.6,95,72,7.0,0.8,10380.6
58519,2021-04-01 10:16:00,11.7,1023.2,98,28,13.1,0.1,10043.8
58527,2021-04-01 10:16:00,15.8,1015.4,84,226,8.1,0.5,10302.7
58600,2021-04-01 10:16:00,30.8,1001.7,84,153,10.9,0.9,10140.5
58606,2021-04-01 10:16:00,2.1,1020.5,88,283,11.3,1.3,10136.8
58608,2021-04-01 10:16:00,18.9,1017.3,79,70,7.5,0.7,10352.4
58622,2021-04-01 10:16:00,23.2,1022.9,76,354,6.0,0.3,10379.4
58626,2021-04-01 10:16:00,4.8,1000.9,63,328,12.2,0.2,10038.5
58634,2021-04-01 10:16:00,24.7,1000.4,18,113,5.1,1.2,10412.1
58637,2021-04-01 10:16:00,0.8,1025.5,98,249,8.9,1.1,10233.2
58705,2021-04-01 10:16:00,23.7,1006.7,31,235,2.3,1.3,10173.6
58715,2021-04-01 10:16:00,29.7,1012.8,6,127,6.3,1.2,10005.3
58718,2021-04-01 10:16:00,23.7,1012.3,17,302,12.7,0.1,10291.1
58806,2021-04-01 10:16:00,27.6,1007.4,17,95,2.7,1.3,10014.2
58813,2021-04-01 10:16:00,34.4,1005.5,29,354,9.5,1.0,10288.9
59092,2021-04-01 10:16:00,10.0,1012.1,44,172,8.4,1.3,10053.1
59102,2021-04-01 10:16:00,22.8,1006.6,16,256,13.9,0.4,10378.3
54236,2021-04-01 10:16:00,14.1,1001.4,7,39,1.1,1.0,10010.9
54237,2021-04-01 10:16:00,14.6,1002.8,97,56,3.0,0.8,10036.8
54243,2021-04-01 10:16:00,14.3,1017.8,5,26,0.1,0.4,10276.0
54254,2021-04-01 10:16:00,29.5,1021.6,31,45,2.4,0.6,10213.4
54259,2021-04-01 10:16:00,34.9,1021.7,33,353,5.3,0.2,10307.3
54324,2021-04-01 10:16:00,13.9,1010.2,33,132,10.2,0.0,10488.9
54326,2021-04-01 10:16:00,9.2,1004.9,52,152,8.7,1.5,10153.1
54333,2021-04-01 10:16:00,15.7,1013.0,10,226,5.6,1.1,10439.1
54334,2021-04-01 10:16:00,24.8,1004.7,85,55,12.1,0.0,10211.7
54335,2021-04-01 10:16:00,14.8,1018.1,67,269,7.1,0.2,10146.7
54337,2021-04-01 10:16:00,0.6,1021.0,3,80,8.4,0.5,10198.8
54339,2021-04-01 10:16:00,13.7,1020.4,84,4,6.6,1.2,10450.6
54342,2021-04-01 10:16:00,32.8,1012.2,6,315,12.1,0.2,10055.8
54346,2021-04-01 10:16:00,6.9,1002.0,37,208,11.9,1.4,10218.7
54349,2021-04-01 10:16:00,1.9,1016.9,52,295,3.4,1.4,10449.9
54351,2021-04-01 10:16:00,25.4,1012.2,54,146,11.8,0.4,10310.3
54353,2021-04-01 10:16:00,27.8,1012.6,54,30,6.3,1.1,10082.9
54365,2021-04-01 10:16:00,24.2,1003.6,73,239,6.1,0.0,10207.9
54452,2021-04-01 10:16:00,14.5,1011.7,58,272,6.8,1.2,10442.4
54454,2021-04-01 10:16:00,25.6,1014.7,69,205,7.2,0.9,10489.4
54455,2021-04-01 10:16:00,2.9,1001.4,35,127,4.0,0.4,10023.6
54470,2021-04-01 10:16:00,29.0,1003.6,60,2,10.2,0.3,10119.8
54471,2021-04-01 10:16:00,13.7,1008.2,22,200,0.6,1.4,10394.0
54472,2021-04-01 10:16:00,5.7,1007.3,65,169,10.3,0.8,10304.5
54476,2021-04-01 10:16:00,31.1,1020.8,31,169,6.5,1.2,10254.5
54486,2021-04-01 10:16:00,0.9,1016.6,39,21,10.7,0.5,10069.9
54493,2021-04-01 10:16:00,3.0,1018.1,77,319,7.3,0.9,10275.7
54497,2021-04-01 10:16:00,28.9,1003.4,4,56,7.0,0.8,10481.0
54563,2021-04-01 10:16:00,17.0,1009.5,45,130,10.6,1.4,10054.6
54579,2021-04-01 10:16:00,9.0,1020.8,21,358,9.9,1.1,10181.0
54584,2021-04-01 10:16:00,34.9,1021.3,95,190,13.9,0.3,10278.0
54660,2021-04-01 10:16:00,13.5,1005.4,81,126,0.4,0.4,10439.1
54662,2021-04-01 10:16:00,4.4,1011.2,41,149,10.4,0.9,10064.9
50425,2021-04-01 10:16:00,9.3,1013.6,23,343,10.4,1.5,10151.5
50434,2021-04-01 10:16:00,25.6,1006.9,54,65,6.2,0.4,10137.5
50514,2021-04-01 10:16:00,34.4,1014.0,90,218,14.9,0.1,10211.1
50527,2021-04-01 10:16:00,5.5,1024.3,68,61,0.7,1.5,10144.3
50548,2021-04-01 10:16:00,14.5,1005.4,34,292,5.8,1.2,10209.5
50603,2021-04-01 10:16:00,27.7,1026.1,71,200,5.7,1.1,10395.3
50618,2021-04-01 10:16:00,22.1,1003.5,26,43,10.0,0.6,10179.6
50632,2021-04-01 10:16:00,13.3,1017.8,59,305,3.9,0.5,10399.8
50639,2021-04-01 10:16:00,27.4,1008.2,70,68,13.1,1.1,10303.2
50727,2021-04-01 10:16:00,2.8,1018.1,42,216,6.4,1.5,10223.5
50834,2021-04-01 10:16:00,17.8,1003.3,67,262,6.4,0.3,10469.9
50838,2021-04-01 10:16:00,24.2,1018.7,13,346,9.2,0.6,10033.2
50915,2021-04-01 10:16:00,11.4,1021.8,64,20,13.5,0.4,10186.2
50924,2021-04-01 10:16:00,14.4,1009.9,26,252,10.2,0.6,10371.1
52267,2021-04-01 10:16:00,26.8,1004.3,49,39,2.2,0.6,10417.6
52495,2021-04-01 10:16:00,25.5,1002.4,53,234,11.8,0.8,10164.0
52576,2021-04-01 10:16:00,15.8,1010.1,46,56,13.6,1.2,10345.1
53068,2021-04-01 10:16:00,32.9,1003.4,70,42,13.6,0.6,10267.0
53083,2021-04-01 10:16:00,18.1,1010.7,75,7,10.0,1.4,10455.5
53149,2021-04-01 10:16:00,11.7,1022.6,81,12,10.0,0.4,10439.6
53192,2021-04-01 10:16:00,4.6,1024.0,89,204,8.7,1.3,10138.8
53195,2021-04-01 10:16:00,2.5,1013.7,10,209,14.3,0.6,10054.9
53276,2021-04-01 10:16:00,9.9,1026.1,98,128,14.3,0.3,10292.2
53336,2021-04-01 10:16:00,23.0,1021.2,74,230,3.8,0.2,10068.7
53352,2021-04-01 10:16:00,18.8,1003.7,3,342,9.3,1.4,10287.8
53362,2021-04-01 10:16:00,18.6,1023.9,79,155,12.6,1.5,10328.6
53367,2021-04-01 10:16:00,6.5,1012.4,48,39,9.8,0.0,10170.7
53391,2021-04-01 10:16:00,5.0,1012.6,95,199,11.9,0.3,10062.8
53446,2021-04-01 10:16:00,31.1,1007.2,46,272,7.0,0.3,10390.0
53463,2021-04-01 10:16:00,16.9,1002.4,65,245,11.8,1.5,10228.2
53480,2021-04-01 10:16:00,26.0,1022.1,58,325,10.6,0.4,10338.9
53502,2021-04-01 10:16:00,1.6,1019.5,36,129,2.8,0.1,10221.7
53513,2021-04-01 10:16:00,29.8,1024.1,4,169,8.0,0.0,10134.5
53529,2021-04-01 10:16:00,23.2,1004.2,81,5,3.8,0.0,10133.7
53543,2021-04-01 10:16:00,33.7,1020.8,16,264,13.0,0.8,10323.3
53547,2021-04-01 10:16:00,5.9,1024.5,39,64,8.7,1.3,10145.9
53602,2021-04-01 10:16:00,5.3,1001.0,35,135,5.8,0.1,10063.2
54012,2021-04-01 10:16:00,22.3,1004.2,91,213,3.6,1.0,10368.9
54026,2021-04-01 10:16:00,20.9,1024.8,74,312,11.4,0.0,10099.7
54027,2021-04-01 10:16:00,31.6,1018.2,11,202,14.2,0.8,10241.1
54102,2021-04-01 10:16:00,20.4,1007.3,72,248,2.8,1.4,10369.9
54115,2021-04-01 10:16:00,26.7,1019.5,93,239,3.5,0.2,10482.9
54134,2021-04-01 10:16:00,23.9,1010.3,83,78,12.6,0.3,10456.1
54135,2021-04-01 10:16:00,19.6,1023.5,72,296,10.7,0.5,10070.2
54208,2021-04-01 10:16:00,26.3,1005.1,45,134,0.4,0.0,10414.8
54213,2021-04-01 10:16:00,22.0,1004.4,50,215,12.1,0.5,10340.6
54218,2021-04-01 10:16:00,14.4,1022.4,79,220,3.7,0.9,10029.2
54226,2021-04-01 10:16:00,20.4,1013.0,13,58,11.6,0.7,10286.6
53519,2021-04-01 10:16:00,8.8,1021.1,66,315,14.9,1.0,10499.8
53612,2021-04-01 10:16:00,9.2,1024.0,96,283,0.4,0.5,10135.9
53614,2021-04-01 10:16:00,3.6,1023.7,26,116,2.4,1.1,10402.9
53615,2021-04-01 10:16:00,23.5,1004.8,47,239,4.1,0.2,10248.5
53704,2021-04-01 10:16:00,23.5,1009.4,86,132,11.2,0.2,10084.5
53705,2021-04-01 10:16:00,3.7,1025.7,22,100,14.2,0.1,10034.4
53723,2021-04-01 10:16:00,29.7,1026.3,82,188,11.0,1.0,10242.2
53806,2021-04-01 10:16:00,31.5,1002.7,33,128,8.2,1.0,10336.4
53810,2021-04-01 10:16:00,12.9,1009.5,18,220,8.4,1.4,10394.2
53817,2021-04-01 10:16:00,5.1,1016.0,26,293,11.7,1.0,10197.4
53903,2021-04-01 10:16:00,17.1,1003.7,49,322,13.5,0.9,10354.1
53910,2021-04-01 10:16:00,12.7,1007.8,7,244,10.2,1.4,10220.0
51886,2021-04-01 10:16:00,20.2,1007.5,65,240,6.1,0.5,10039.8
52602,2021-04-01 10:16:00,7.9,1015.9,58,56,9.1,0.6,10028.3
52633,2021-04-01 10:16:00,16.1,1007.1,95,62,4.8,0.6,10229.7
52645,2021-04-01 10:16:00,22.0,1005.9,80,32,1.2,1.4,10009.1
52657,2021-04-01 10:16:00,14.2,1002.3,54,162,14.9,0.5,10267.3
52707,2021-04-01 10:16:00,15.0,1000.8,56,317,13.4,0.4,10191.6
52713,2021-04-01 10:16:00,23.7,1015.5,16,246,2.6,0.2,10020.1
52737,2021-04-01 10:16:00,16.1,1015.7,50,190,12.6,0.5,10226.0
52754,2021-04-01 10:16:00,20.5,1007.4,64,266,4.9,1.2,10083.7
52765,2021-04-01 10:16:00,24.3,1017.5,24,78,3.5,1.4,10340.3
52818,2021-04-01 10:16:00,33.0,1006.6,75,349,13.8,0.5,10198.2
52825,2021-04-01 10:16:00,32.7,1018.4,49,162,10.4,0.5,10488.6
52833,2021-04-01 10:16:00,10.5,1020.0,100,293,0.1,1.0,10220.1
52836,2021-04-01 10:16:00,4.9,1010.2,93,121,6.9,1.2,10184.5
52842,2021-04-01 10:16:00,19.6,1013.6,81,229,3.9,0.6,10335.7
52856,2021-04-01 10:16:00,17.7,1002.5,19,333,4.5,1.4,10397.0
52866,2021-04-01 10:16:00,4.2,1010.2,42,3,10.0,0.0,10419.1
52868,2021-04-01 10:16:00,2.1,1008.0,93,16,3.9,1.2,10469.6
52876,2021-04-01 10:16:00,18.7,1020.9,23,356,0.1,1.4,10444.7
52908,2021-04-01 10:16:00,19.3,1024.0,28,180,0.5,0.1,10157.2
52943,2021-04-01 10:16:00,7.8,1016.3,2,93,3.3,1.0,10463.6
52955,2021-04-01 10:16:00,3.8,1008.7,98,68,14.2,0.1,10191.9
52974,2021-04-01 10:16:00,2.2,1019.1,8,72,8.0,0.9,10224.9
56004,2021-04-01 10:16:00,20.1,1007.5,6,114,14.7,0.9,10289.5
56018,2021-04-01 10:16:00,23.6,1005.0,8,45,14.6,0.1,10358.3
56021,2021-04-01 10:16:00,3.0,1003.0,100,86,14.2,0.5,10191.8
56029,2021-04-01 10:16:00,5.7,1003.6,4,60,1.2,1.4,10446.7
56033,2021-04-01 10:16:00,4.6,1008.8,74,76,7.8,0.6,10001.1
56034,2021-04-01 10:16:00,16.3,1007.0,97,220,9.8,1.2,10373.1
56043,2021-04-01 10:16:00,14.5,1015.7,100,265,7.4,0.7,10056.5
56046,2021-04-01 10:16:00,14.3,1007.6,50,27,3.2,0.9,10333.0
56065,2021-04-01 10:16:00,1.3,1017.5,41,122,0.9,0.5,10409.3
56067,2021-04-01 10:16:00,28.6,1014.3,74,207,1.1,0.9,10145.6
56125,2021-04-01 10:16:00,9.7,1023.0,37,233,9.4,1.5,10424.9
56151,2021-04-01 10:16:00,15.5,1010.9,74,10,3.0,0.2,10343.0
54715,2021-04-01 10:16:00,30.4,1011.2,78,92,4.3,0.9,10367.4
54725,2021-04-01 10:16:00,33.4,1026.4,77,71,7.9,0.9,10486.2
54727,2021-04-01 10:16:00,22.2,1015.4,58,49,4.6,1.3,10105.4
54744,2021-04-01 10:16:00,34.6,1008.6,37,294,1.7,0.5,10447.5
54751,2021-04-01 10:16:00,28.3,1005.4,6,155,6.3,1.0,10018.5
54753,2021-04-01 10:16:00,27.7,1024.1,38,240,3.5,0.9,10338.5
54764,2021-04-01 10:16:00,18.1,1012.0,15,167,8.6,0.0,10231.4
54774,2021-04-01 10:16:00,26.1,1013.2,12,137,10.0,0.8,10246.2
54776,2021-04-01 10:16:00,4.3,1008.4,48,180,14.5,0.5,10155.3
54808,2021-04-01 10:16:00,24.6,1005.5,67,359,3.9,1.1,10115.9
54823,2021-04-01 10:16:00,18.9,1010.8,37,271,3.3,1.4,10074.0
54826,2021-04-01 10:16:00,27.5,1025.9,9,4,14.4,0.3,10151.2
54836,2021-04-01 10:16:00,22.4,1004.6,26,76,3.3,0.4,10016.6
54842,2021-04-01 10:16:00,25.7,1008.7,24,71,1.5,1.3,10052.2
54843,2021-04-01 10:16:00,5.1,1006.6,96,240,6.5,1.5,10362.7
54857,2021-04-01 10:16:00,26.7,1007.0,76,82,6.2,0.7,10084.2
54863,2021-04-01 10:16:00,2.9,1013.3,60,134,3.0,0.8,10370.0
54909,2021-04-01 10:16:00,13.9,1019.4,60,45,8.6,0.3,10171.7
54916,2021-04-01 10:16:00,33.8,1024.6,53,27,2.3,1.1,10126.8
54929,2021-04-01 10:16:00,1.9,1006.5,17,50,11.7,1.1,10254.1
54936,2021-04-01 10:16:00,34.4,1022.3,39,227,13.6,1.4,10426.2
54945,2021-04-01 10:16:00,20.3,1018.4,66,153,4.3,0.8,10362.9
58034,2021-04-01 10:16:00,26.8,1015.4,21,73,3.6,0.0,10429.0
53478,2021-04-01 10:16:00,29.9,1005.8,34,19,10.5,1.3,10087.3
53487,2021-04-01 10:16:00,27.0,1010.9,3,192,12.4,1.2,10281.9
53490,2021-04-01 10:16:00,5.7,1018.7,82,81,12.9,0.2,10134.5
53564,2021-04-01 10:16:00,23.2,1017.0,98,174,3.4,1.3,10402.8
53578,2021-04-01 10:16:00,21.2,1006.3,34,23,11.6,1.4,10013.6
53579,2021-04-01 10:16:00,32.0,1002.7,77,346,1.1,1.0,10368.8
53588,2021-04-01 10:16:00,17.4,1010.7,38,267,1.5,1.1,10370.9
53594,2021-04-01 10:16:00,13.8,1018.9,48,278,14.4,0.0,10151.2
53663,2021-04-01 10:16:00,31.5,1008.1,14,345,0.9,1.0,10291.0
53664,2021-04-01 10:16:00,1.9,1002.4,76,121,13.1,0.3,10301.7
53673,2021-04-01 10:16:00,29.9,1009.6,46,291,10.4,1.1,10114.7
53687,2021-04-01 10:16:00,23.7,1011.6,12,247,2.7,1.0,10483.9
53764,2021-04-01 10:16:00,34.9,1023.6,11,275,2.4,1.5,10416.6
53772,2021-04-01 10:16:00,22.4,1024.3,2,144,8.7,0.1,10387.5
53775,2021-04-01 10:16:00,10.8,1011.0,66,306,6.2,1.0,10271.2
53787,2021-04-01 10:16:00,3.2,1022.7,29,179,10.3,0.7,10339.6
53853,2021-04-01 10:16:00,5.6,1017.8,44,115,1.1,0.2,10063.9
53859,2021-04-01 10:16:00,11.4,1008.1,23,32,10.7,0.8,10483.9
53863,2021-04-01 10:16:00,31.8,1011.0,6,209,3.7,1.4,10156.8
53868,2021-04-01 10:16:00,8.7,1013.3,86,317,13.0,1.3,10040.4
53877,2021-04-01 10:16:00,32.8,1022.8,15,49,6.1,0.2,10214.4
53882,2021-04-01 10:16:00,28.5,1021.6,87,100,4.9,1.2,10035.7
53884,2021-04-01 10:16:00,9.7,1015.6,73,245,4.3,0.6,10316.0
53959,2021-04-01 10:16:00,21.6,1012.0,62,202,13.5,0.2,10251.2
53963,2021-04-01 10:16:00,21.0,1010.5,9,86,7.3,0.3,10042.6
53968,2021-04-01 10:16:00,29.1,1005.7,100,289,0.5,1.3,10413.3
53975,2021-04-01 10:16:00,23.2,1009.2,55,15,3.6,0.6,10028.7
57052,2021-04-01 10:16:00,21.4,1003.1,47,70,0.9,0.3,10199.2
53646,2021-04-01 10:16:00,9.7,1003.8,46,26,2.5,0.1,10485.5
53651,2021-04-01 10:16:00,33.6,1019.7,48,105,6.9,0.2,10202.4
53725,2021-04-01 10:16:00,30.8,1008.0,17,233,8.5,0.2,10489.5
53735,2021-04-01 10:16:00,26.2,1004.8,21,42,5.7,0.6,10369.6
53738,2021-04-01 10:16:00,5.7,1012.2,11,172,8.7,1.1,10353.3
53740,2021-04-01 10:16:00,10.1,1025.2,4,174,14.5,1.5,10387.3
53754,2021-04-01 10:16:00,30.1,1015.6,99,221,13.9,0.2,10409.0
53845,2021-04-01 10:16:00,7.8,1016.1,23,97,8.6,1.0,10166.7
53854,2021-04-01 10:16:00,12.6,1013.7,17,111,8.9,0.6,10090.3
53929,2021-04-01 10:16:00,23.2,1023.6,8,342,4.4,1.0,10133.9
53942,2021-04-01 10:16:00,28.9,1001.5,8,185,6.9,0.5,10302.3
53948,2021-04-01 10:16:00,29.3,1016.6,25,326,5.9,0.2,10334.0
53955,2021-04-01 10:16:00,4.2,1001.7,87,33,5.4,0.7,10248.3
57003,2021-04-01 10:16:00,24.7,1015.9,34,335,11.3,0.8,10286.5
57025,2021-04-01 10:16:00,22.1,1000.4,78,60,2.2,0.4,10419.1
57028,2021-04-01 10:16:00,11.2,1009.9,57,171,1.7,0.0,10035.4
57030,2021-04-01 10:16:00,11.9,1001.6,25,357,7.3,1.0,10388.2
57034,2021-04-01 10:16:00,34.8,1013.5,28,226,9.7,1.2,10319.9
57037,2021-04-01 10:16:00,7.8,1016.1,23,171,6.3,0.7,10370.5
57046,2021-04-01 10:16:00,19.9,1012.7,81,138,8.3,0.8,10267.4
57048,2021-04-01 10:16:00,3.8,1026.1,71,148,5.2,0.6,10188.6
57049,2021-04-01 10:16:00,14.3,1019.3,28,327,12.6,0.7,10209.2
57106,2021-04-01 10:16:00,31.6,1022.6,39,95,7.8,0.8,10328.5
57124,2021-04-01 10:16:00,21.7,1019.3,82,90,5.1,1.3,10434.4
57127,2021-04-01 10:16:00,12.9,1013.5,42,167,12.1,1.5,10425.8
57131,2021-04-01 10:16:00,31.4,1025.4,25,230,1.9,1.2,10172.0
57134,2021-04-01 10:16:00,4.4,1011.6,44,232,8.2,0.2,10147.0
57140,2021-04-01 10:16:00,15.2,1019.6,18,45,6.0,0.2,10418.8
57143,2021-04-01 10:16:00,10.0,1022.5,96,229,6.2,0.4,10341.2
57144,2021-04-01 10:16:00,25.8,1006.4,5,48,6.0,1.3,10201.6
57154,2021-04-01 10:16:00,20.4,1022.3,21,149,4.4,1.2,10219.4
57211,2021-04-01 10:16:00,21.4,1006.0,62,241,9.6,0.7,10495.5
57232,2021-04-01 10:16:00,32.1,1010.4,87,311,3.9,0.9,10286.3
57238,2021-04-01 10:16:00,33.6,1013.3,59,36,11.9,0.2,10394.0
57245,2021-04-01 10:16:00,10.0,1003.8,60,304,2.8,1.5,10193.2
57343,2021-04-01 10:16:00,4.6,1014.7,48,63,9.7,0.1,10398.3
58362,2021-04-01 10:16:00,6.3,1009.0,47,4,11.9,0.4,10121.0
56038,2021-04-01 10:16:00,21.4,1008.4,50,154,3.4,0.3,10399.3
56079,2021-04-01 10:16:00,25.0,1006.3,52,287,6.9,1.4,10306.0
56144,2021-04-01 10:16:00,16.3,1024.2,98,282,3.9,0.8,10210.7
56146,2021-04-01 10:16:00,32.7,1025.5,26,37,9.5,0.7,10011.9
56152,2021-04-01 10:16:00,23.1,1023.9,70,110,2.0,1.4,10099.6
56167,2021-04-01 10:16:00,10.2,1019.4,100,251,5.3,1.1,10177.8
56172,2021-04-01 10:16:00,26.6,1022.8,3,121,10.5,0.7,10035.3
56173,2021-04-01 10:16:00,18.8,1011.6,73,236,5.1,0.5,10238.5
56178,2021-04-01 10:16:00,25.6,1022.1,67,278,7.7,0.8,10093.7
56182,2021-04-01 10:16:00,1.3,1002.3,45,113,3.8,1.2,10118.9
56187,2021-04-01 10:16:00,27.7,1006.7,16,235,1.0,0.2,10241.8
56188,2021-04-01 10:16:00,26.0,1015.7,85,313,6.3,0.4,10103.0
56196,2021-04-01 10:16:00,17.3,1017.8,27,238,13.1,0.8,10470.1
56247,2021-04-01 10:16:00,5.8,1009.2,37,267,14.1,1.2,10362.0
56251,2021-04-01 10:16:00,26.3,1009.9,77,142,7.1,0.0,10406.1
56257,2021-04-01 10:16:00,14.5,1003.5,78,160,7.9,1.3,10424.2
56287,2021-04-01 10:16:00,6.5,1024.7,67,272,3.2,0.4,10118.9
56357,2021-04-01 10:16:00,16.1,1002.1,19,3,1.9,1.0,10185.4
56374,2021-04-01 10:16:00,3.8,1006.6,43,211,1.1,1.0,10419.0
56385,2021-04-01 10:16:00,12.8,1023.2,3,118,7.4,0.7,10142.8
56386,2021-04-01 10:16:00,29.5,1007.3,36,349,1.7,0.5,10337.9
56459,2021-04-01 10:16:00,22.7,1008.7,96,46,8.6,1.3,10157.0
56462,2021-04-01 10:16:00,22.0,1022.6,72,159,0.7,0.1,10212.9
56475,2021-04-01 10:16:00,28.8,1018.5,28,235,0.0,0.5,10141.5
56479,2021-04-01 10:16:00,2.4,1020.5,45,130,10.5,0.7,10115.8
56485,2021-04-01 10:16:00,31.2,1015.0,45,35,13.4,0.7,10189.6
56492,2021-04-01 10:16:00,10.7,1009.6,83,39,12.7,0.9,10255.7
56565,2021-04-01 10:16:00,29.7,1016.5,13,205,10.8,1.1,10216.5
56571,2021-04-01 10:16:00,14.5,1016.0,35,286,13.3,1.0,10097.3
56666,2021-04-01 10:16:00,28.1,1013.6,53,135,4.8,1.3,10053.0
56671,2021-04-01 10:16:00,5.1,1022.0,85,185,14.7,1.4,10020.2
57206,2021-04-01 10:16:00,30.5,1018.2,40,341,9.2,0.8,10067.9
57237,2021-04-01 10:16:00,17.7,1022.0,80,52,6.8,1.3,10084.4
57306,2021-04-01 10:16:00,34.8,1002.5,21,303,10.9,1.2,10367.8
57313,2021-04-01 10:16:00,33.7,1009.1,2,332,1.4,1.3,10056.1
57314,2021-04-01 10:16:00,7.4,1011.1,40,307,2.3,0.6,10393.5
57328,2021-04-01 10:16:00,3.6,1008.7,21,150,2.8,1.5,10289.2
57405,2021-04-01 10:16:00,19.5,1006.0,87,199,1.2,0.2,10383.8
57411,2021-04-01 10:16:00,22.3,1004.0,54,181,0.4,0.6,10471.0
57503,2021-04-01 10:16:00,5.1,1015.9,76,141,4.2,1.4,10495.2
57604,2021-04-01 10:16:00,4.0,1001.8,22,256,2.5,1.3,10384.2
57608,2021-04-01 10:16:00,23.1,1017.3,94,163,5.8,1.5,10060.8
54525,2021-04-01 10:16:00,17.6,1007.7,98,4,2.0,0.6,10125.0
54527,2021-04-01 10:16:00,7.9,1001.1,51,326,4.7,0.2,10426.2
54623,2021-04-01 10:16:00,8.4,1012.0,48,79,8.3,0.5,10445.7
55228,2021-04-01 10:16:00,21.8,1008.4,7,206,0.7,0.7,10404.3
55248,2021-04-01 10:16:00,4.7,1010.6,25,8,12.0,0.5,10385.9
55279,2021-04-01 10:16:00,21.0,1007.0,62,208,3.3,0.7,10414.0
55294,2021-04-01 10:16:00,13.4,1025.9,94,12,13.0,1.3,10062.9
55299,2021-04-01 10:16:00,17.5,1004.9,80,328,12.8,0.9,10015.5
55437,2021-04-01 10:16:00,1.6,1000.6,70,133,11.7,1.3,10350.5
55472,2021-04-01 10:16:00,20.9,1018.4,78,32,14.4,1.4,10490.3
55493,2021-04-01 10:16:00,5.3,1016.4,68,340,14.3,0.1,10356.6
55569,2021-04-01 10:16:00,6.4,1020.7,69,321,11.8,1.5,10270.5
55578,2021-04-01 10:16:00,0.0,1025.1,69,232,2.2,0.9,10214.8
55585,2021-04-01 10:16:00,34.5,1016.0,32,32,5.4,0.5,10418.6
55591,2021-04-01 10:16:00,5.8,1014.1,18,30,0.5,0.9,10010.8
55598,2021-04-01 10:16:00,21.8,1014.1,80,354,0.0,1.5,10153.1
55655,2021-04-01 10:16:00,11.2,1017.8,90,236,3.4,0.5,10436.9
55664,2021-04-01 10:16:00,24.4,1023.4,88,31,3.6,0.6,10294.4
55680,2021-04-01 10:16:00,12.3,1024.9,52,152,8.1,0.9,10412.9
55681,2021-04-01 10:16:00,34.7,1004.6,71,257,5.4,1.3,10278.7
55690,2021-04-01 10:16:00,1.0,1022.9,80,156,4.7,1.2,10023.6
55696,2021-04-01 10:16:00,29.0,1010.2,94,273,8.1,0.8,10420.4
55773,2021-04-01 10:16:00,1.2,1004.1,32,79,13.0,0.6,10138.1
56106,2021-04-01 10:16:00,24.2,1009.8,79,282,10.9,0.8,10407.9
56116,2021-04-01 10:16:00,2.9,1008.5,52,201,14.9,0.7,10445.8
56137,2021-04-01 10:16:00,33.2,1019.8,43,352,13.7,0.3,10123.1
56202,2021-04-01 10:16:00,32.6,1014.6,22,237,1.9,0.0,10238.4
56223,2021-04-01 10:16:00,24.0,1021.2,53,15,4.0,1.0,10160.8
56227,2021-04-01 10:16:00,31.0,1003.8,57,357,3.3,1.2,10056.3
56312,2021-04-01 10:16:00,10.5,1018.8,89,122,9.8,1.0,10287.8
56331,2021-04-01 10:16:00,10.4,1014.8,93,266,8.6,1.4,10418.9
56434,2021-04-01 10:16:00,26.4,1015.3,45,306,5.5,0.8,10114.1
51053,2021-04-01 10:16:00,0.0,1021.3,43,20,6.6,1.5,10454.1
51059,2021-04-01 10:16:00,33.7,1002.1,9,235,0.6,0.5,10495.1
51060,2021-04-01 10:16:00,24.6,1003.1,85,24,4.9,1.3,10195.0
51068,2021-04-01 10:16:00,26.2,1007.8,100,292,6.1,0.7,10471.9
51076,2021-04-01 10:16:00,27.7,1021.4,25,347,7.7,1.1,10074.8
51087,2021-04-01 10:16:00,19.2,1000.3,37,248,13.1,0.9,10126.3
51133,2021-04-01 10:16:00,11.9,1008.1,5,23,7.9,0.9,10037.2
51156,2021-04-01 10:16:00,13.0,1011.3,92,338,1.1,1.4,10078.7
51186,2021-04-01 10:16:00,33.1,1021.0,15,113,12.9,0.6,10282.5
51232,2021-04-01 10:16:00,26.0,1020.7,80,153,12.7,1.2,10172.4
51238,2021-04-01 10:16:00,11.1,1003.3,37,147,6.1,0.5,10417.3
51241,2021-04-01 10:16:00,17.3,1015.2,32,51,0.0,1.4,10411.7
51243,2021-04-01 10:16:00,19.5,1021.9,54,119,9.9,0.3,10054.6
51288,2021-04-01 10:16:00,29.9,1017.4,98,127,11.7,0.1,10000.0
51330,2021-04-01 10:16:00,28.4,1013.7,95,7,6.2,0.7,10085.0
51334,2021-04-01 10:16:00,34.8,1003.9,98,285,10.6,0.8,10428.9
51346,2021-04-01 10:16:00,16.7,1024.2,32,243,6.6,1.2,10037.1
51358,2021-04-01 10:16:00,30.8,1024.5,100,139,1.4,0.9,10342.3
51365,2021-04-01 10:16:00,26.4,1021.8,32,322,12.7,0.6,10133.4
51367,2021-04-01 10:16:00,25.5,1012.9,44,214,8.3,0.1,10111.7
51379,2021-04-01 10:16:00,0.1,1021.6,21,249,12.6,0.3,10340.2
51431,2021-04-01 10:16:00,8.5,1001.9,87,222,9.4,0.2,10244.1
51433,2021-04-01 10:16:00,5.3,1025.5,5,306,6.5,0.7,10107.8
51437,2021-04-01 10:16:00,18.6,1011.5,18,261,12.4,0.1,10050.8
51463,2021-04-01 10:16:00,20.8,1022.6,27,110,12.7,1.1,10128.4
51467,2021-04-01 10:16:00,2.9,1013.0,24,70,4.0,0.2,10098.5
51469,2021-04-01 10:16:00,21.0,1020.3,79,99,13.5,0.2,10367.0
51470,2021-04-01 10:16:00,7.4,1014.7,27,24,8.3,0.8,10198.4
51477,2021-04-01 10:16:00,24.4,1015.6,25,181,1.7,1.4,10477.7
51495,2021-04-01 10:16:00,0.4,1024.9,76,322,5.0,1.4,10058.4
51526,2021-04-01 10:16:00,27.4,1002.2,17,50,1.2,1.0,10037.8
51542,2021-04-01 10:16:00,9.4,1008.6,29,159,9.6,0.6,10403.6
51567,2021-04-01 10:16:00,5.1,1001.7,73,302,1.3,0.4,10396.9
51573,2021-04-01 10:16:00,4.6,1008.4,88,121,14.8,0.2,10266.6
51581,2021-04-01 10:16:00,16.3,1014.9,88,354,12.9,1.5,10207.9
51628,2021-04-01 10:16:00,17.4,1015.0,56,161,7.8,0.7,10027.9
51633,2021-04-01 10:16:00,25.5,1023.9,41,225,14.4,0.4,10254.4
51639,2021-04-01 10:16:00,5.8,1003.6,64,22,6.2,1.0,10203.3
51642,2021-04-01 10:16:00,7.3,1000.1,59,325,8.1,0.5,10393.1
51644,2021-04-01 10:16:00,7.3,1022.5,85,155,0.2,0.7,10408.1
51655,2021-04-01 10:16:00,31.5,1000.6,42,217,11.6,0.5,10292.8
51656,2021-04-01 10:16:00,13.5,1006.2,64,11,5.8,1.4,10292.8
51701,2021-04-01 10:16:00,26.8,1002.1,37,135,9.7,1.0,10127.3
51704,2021-04-01 10:16:00,3.2,1002.6,60,312,9.4,0.0,10044.4
51705,2021-04-01 10:16:00,15.9,1009.2,97,319,6.4,1.3,10159.0
51709,2021-04-01 10:16:00,7.0,1022.7,53,34,12.0,0.7,10455.7
51711,2021-04-01 10:16:00,31.4,1013.0,80,133,7.6,0.7,10401.6
51716,2021-04-01 10:16:00,11.5,1015.9,93,246,5.5,0.3,10392.3
51720,2021-04-01 10:16:00,0.2,1017.9,52,88,13.7,1.1,10021.8
51730,2021-04-01 10:16:00,18.1,1025.1,17,35,6.3,1.2,10010.3
51747,2021-04-01 10:16:00,1.9,1007.7,99,278,8.5,0.9,10416.2
51765,2021-04-01 10:16:00,7.8,1016.2,64,139,6.1,1.5,10345.6
51777,2021-04-01 10:16:00,18.3,1023.8,50,258,1.0,0.4,10368.0
51804,2021-04-01 10:16:00,28.9,1001.6,98,2,14.4,1.0,10140.0
51810,2021-04-01 10:16:00,32.3,1002.9,23,315,7.4,0.4,10250.2
51811,2021-04-01 10:16:00,7.2,1015.5,89,274,4.7,1.1,10467.1
51818,2021-04-01 10:16:00,33.7,1002.0,65,358,7.1,0.1,10248.2
51828,2021-04-01 10:16:00,9.0,1011.7,67,100,2.0,0.4,10270.4
51839,2021-04-01 10:16:00,34.5,1015.0,76,65,1.6,1.3,10426.0
51855,2021-04-01 10:16:00,21.3,1009.2,91,121,6.7,0.2,10147.9
51931,2021-04-01 10:16:00,1.3,1011.9,43,296,4.4,1.0,10279.4
52101,2021-04-01 10:16:00,7.7,1003.6,4,248,14.0,1.0,10442.9
52112,2021-04-01 10:16:00,32.8,1002.6,67,257,6.6,1.3,10293.9
52118,2021-04-01 10:16:00,25.3,1005.5,28,15,11.0,1.3,10465.4
52203,2021-04-01 10:16:00,2.8,1021.2,53,186,8.3,1.4,10456.0
52313,2021-04-01 10:16:00,13.1,1025.2,30,107,2.3,0.9,10051.2
56444,2021-04-01 10:16:00,26.5,1000.7,29,16,4.3,0.3,10048.3
56533,2021-04-01 10:16:00,32.3,1020.0,61,205,3.1,1.1,10086.5
56543,2021-04-01 10:16:00,18.4,1003.6,98,122,0.5,0.9,10283.5
56548,2021-04-01 10:16:00,13.4,1018.3,96,299,5.0,0.8,10359.8
56586,2021-04-01 10:16:00,17.1,1023.4,15,319,1.8,1.1,10259.8
56643,2021-04-01 10:16:00,31.6,1000.4,74,34,3.4,0.5,10025.5
56651,2021-04-01 10:16:00,7.5,1004.2,93,160,7.8,0.9,10367.4
56664,2021-04-01 10:16:00,3.0,1015.8,56,36,14.1,0.6,10036.5
56684,2021-04-01 10:16:00,28.2,1004.7,15,39,8.8,0.0,10352.8
56739,2021-04-01 10:16:00,2.9,1001.5,79,10,7.1,1.5,10345.6
56748,2021-04-01 10:16:00,12.7,1014.1,18,193,0.8,0.9,10187.9
56751,2021-04-01 10:16:00,19.2,1004.6,74,124,9.4,0.4,10103.3
56763,2021-04-01 10:16:00,2.6,1003.4,49,20,5.6,0.6,10346.8
56768,2021-04-01 10:16:00,30.1,1018.4,64,303,2.2,0.9,10071.9
56778,2021-04-01 10:16:00,10.8,1023.5,72,19,3.3,0.4,10036.1
56786,2021-04-01 10:16:00,1.8,1007.2,64,30,9.8,1.2,10168.4
56838,2021-04-01 10:16:00,29.7,1010.4,8,231,4.5,1.1,10486.6
56856,2021-04-01 10:16:00,13.2,1025.9,65,200,11.3,0.3,10087.3
56872,2021-04-01 10:16:00,1.5,1016.0,30,349,6.7,0.0,10461.7
56875,2021-04-01 10:16:00,14.0,1020.5,58,293,13.8,0.4,10468.0
56886,2021-04-01 10:16:00,6.0,1007.3,83,241,12.3,0.9,10348.2
56946,2021-04-01 10:16:00,6.1,1013.6,77,194,11.5,0.4,10115.7
56950,2021-04-01 10:16:00,10.9,1006.4,82,78,4.2,1.1,10185.6
56951,2021-04-01 10:16:00,30.1,1004.5,80,52,5.6,0.1,10082.9
56954,2021-04-01 10:16:00,11.3,1000.4,34,92,11.8,0.3,10403.6
56959,2021-04-01 10:16:00,11.3,1020.6,31,3,10.2,0.2,10226.8
56964,2021-04-01 10:16:00,9.8,1018.6,16,9,2.2,0.9,10436.8
56966,2021-04-01 10:16:00,3.8,1013.2,19,68,2.7,0.6,10466.5
56969,2021-04-01 10:16:00,33.8,1023.7,99,89,4.8,1.5,10240.0
56977,2021-04-01 10:16:00,14.6,1014.3,32,241,10.4,0.1,10186.9
56985,2021-04-01 10:16:00,34.4,1021.4,67,235,7.7,1.0,10172.4
56986,2021-04-01 10:16:00,16.5,1010.8,97,276,14.5,1.4,10154.1
56991,2021-04-01 10:16:00,8.6,1015.4,37,270,0.3,1.0,10264.3
59007,2021-04-01 10:16:00,22.1,1004.9,6,322,11.7,0.1,10264.0
58448,2021-04-01 10:16:00,29.7,1012.4,14,119,2.8,0.3,10025.3
58450,2021-04-01 10:16:00,3.3,1010.0,36,107,14.8,1.1,10406.8
58457,2021-04-01 10:16:00,31.2,1015.2,72,30,11.4,1.5,10250.6
58464,2021-04-01 10:16:00,13.8,1022.4,24,161,6.3,0.9,10337.3
58467,2021-04-01 10:16:00,24.2,1007.0,81,296,12.4,0.1,10325.4
58472,2021-04-01 10:16:00,31.9,1004.9,95,100,9.0,0.9,10287.2
58477,2021-04-01 10:16:00,26.9,1005.7,95,186,6.2,0.5,10135.1
58543,2021-04-01 10:16:00,19.7,1005.3,41,45,1.9,0.7,10261.6
58549,2021-04-01 10:16:00,18.7,1018.1,64,105,1.8,0.3,10250.8
58553,2021-04-01 10:16:00,8.9,1010.5,11,10,1.4,0.4,10290.1
58556,2021-04-01 10:16:00,17.7,1008.3,83,357,10.2,0.4,10451.6
58557,2021-04-01 10:16:00,29.3,1024.4,44,92,6.9,1.1,10030.3
58562,2021-04-01 10:16:00,25.0,1019.7,58,192,9.9,1.2,10170.2
58569,2021-04-01 10:16:00,11.4,1012.2,13,12,5.7,0.6,10206.8
58633,2021-04-01 10:16:00,32.7,1022.7,26,62,7.0,1.1,10450.2
58646,2021-04-01 10:16:00,23.6,1019.2,67,59,8.1,0.9,10358.8
58652,2021-04-01 10:16:00,20.4,1008.6,23,238,14.8,0.3,10359.6
58665,2021-04-01 10:16:00,0.8,1012.6,2,87,12.0,0.5,10493.3
58666,2021-04-01 10:16:00,30.9,1012.1,47,292,2.3,0.7,10021.3
58667,2021-04-01 10:16:00,7.3,1000.2,66,289,6.9,1.5,10311.2
58742,2021-04-01 10:16:00,1.9,1012.7,45,203,9.0,0.6,10259.9
58752,2021-04-01 10:16:00,20.7,1022.2,6,260,0.0,1.0,10174.6
58760,2021-04-01 10:16:00,11.4,1000.3,92,79,11.4,0.9,10359.2
57348,2021-04-01 10:16:00,15.6,1000.0,39,13,4.4,1.2,10003.9
57426,2021-04-01 10:16:00,12.5,1018.9,16,286,3.2,0.7,10465.4
57432,2021-04-01 10:16:00,7.8,1025.0,13,195,2.9,1.3,10496.3
57502,2021-04-01 10:16:00,14.4,1007.7,68,22,10.2,0.2,10115.2
57512,2021-04-01 10:16:00,11.5,1023.2,7,127,0.9,0.8,10139.6
57516,2021-04-01 10:16:00,5.3,1000.4,48,17,9.4,1.4,10162.1
57517,2021-04-01 10:16:00,31.0,1007.8,6,172,0.8,1.3,10405.0
57520,2021-04-01 10:16:00,31.9,1004.8,29,299,11.5,1.1,10054.4
57523,2021-04-01 10:16:00,7.6,1004.1,25,335,10.5,0.2,10188.6
57536,2021-04-01 10:16:00,2.2,1016.5,89,10,13.5,0.7,10370.6
57612,2021-04-01 10:16:00,12.4,1009.2,76,99,8.0,0.4,10149.8
57633,2021-04-01 10:16:00,32.9,1000.0,32,27,3.8,0.7,10356.4
