58015,2021-04-01 09:53:00,7.7,1005.9,91,37,10.5,0.5,10001.2
58102,2021-04-01 09:53:00,1.1,1010.1,52,277,3.8,0.5,10102.6
58118,2021-04-01 09:53:00,21.0,1006.8,81,231,11.4,1.4,10050.3
58122,2021-04-01 09:53:00,24.9,1016.3,82,321,2.2,1.2,10040.4
58203,2021-04-01 09:53:00,27.7,1002.5,59,236,11.4,1.2,10201.3
58215,2021-04-01 09:53:00,3.6,1003.6,52,3,8.9,0.2,10286.0
58221,2021-04-01 09:53:00,27.1,1007.7,93,326,0.1,0.1,10103.1
58225,2021-04-01 09:53:00,25.4,1005.8,59,188,10.4,1.1,10357.9
58236,2021-04-01 09:53:00,29.5,1006.7,69,105,11.7,0.2,10469.1
58311,2021-04-01 09:53:00,17.5,1016.5,55,31,4.8,0.9,10131.0
58314,2021-04-01 09:53:00,14.4,1006.8,59,107,1.1,0.7,10263.9
58319,2021-04-01 09:53:00,9.9,1025.1,4,171,14.1,1.3,10447.3
58321,2021-04-01 09:53:00,23.4,1014.2,63,296,10.0,1.4,10095.0
58326,2021-04-01 09:53:00,26.3,1024.6,35,103,3.3,1.2,10303.4
58336,2021-04-01 09:53:00,18.7,1005.7,54,122,1.0,1.2,10113.8
58338,2021-04-01 09:53:00,0.1,1026.0,36,17,4.3,1.5,10170.4
58414,2021-04-01 09:53:00,20.6,1005.7,90,234,10.7,1.1,10459.0
58419,2021-04-01 09:53:00,8.2,1016.8,76,48,9.1,0.1,10283.5
58424,2021-04-01 09:53:00,6.8,1025.9,92,289,9.6,0.0,10384.0
58429,2021-04-01 09:53:00,11.6,1001.0,73,262,12.7,0.8,10424.2
58436,2021-04-01 09:53:00,29.1,1005.9,89,309,5.3,0.1,10286.9
58437,2021-04-01 09:53:00,10.9,1017.2,10,261,1.5,1.2,10285.1
58520,2021-04-01 09:53:00,3.3,1012.3,87,344,9.2,0.5,10393.4
58531,2021-04-01 09:53:00,0.9,1006.8,29,278,3.6,0.4,10204.1
54406,2021-04-01 09:53:00,0.7,1020.0,53,236,6.1,0.0,10019.8
54416,2021-04-01 09:53:00,34.7,1017.7,93,87,10.4,0.1,10113.3
54511,2021-04-01 09:53:00,2.8,1003.2,52,331,13.0,0.1,10394.0
58725,2021-04-01 09:53:00,17.2,1008.6,13,64,8.9,0.0,10088.0
58730,2021-04-01 09:53:00,10.5,1017.7,48,311,0.5,1.5,10343.1
58731,2021-04-01 09:53:00,29.1,1003.8,77,195,6.5,1.2,10341.0
58734,2021-04-01 09:53:00,13.5,1000.3,17,244,11.0,0.3,10207.6
58737,2021-04-01 09:53:00,34.5,1015.6,95,56,7.4,1.4,10185.4
58744,2021-04-01 09:53:00,33.2,1012.5,47,123,9.4,0.9,10327.2
58754,2021-04-01 09:53:00,20.7,1000.6,14,128,4.0,0.1,10443.3
58818,2021-04-01 09:53:00,33.4,1021.6,19,289,8.6,0.6,10189.6
58820,2021-04-01 09:53:00,18.4,1009.3,5,248,11.1,0.6,10454.0
58834,2021-04-01 09:53:00,21.5,1008.3,37,341,11.0,1.4,10264.3
58837,2021-04-01 09:53:00,8.8,1008.8,31,176,12.6,1.5,10180.2
58843,2021-04-01 09:53:00,18.4,1012.6,81,114,14.9,0.2,10012.2
58846,2021-04-01 09:53:00,1.9,1020.2,34,3,14.2,1.3,10380.6
58847,2021-04-01 09:53:00,30.8,1005.3,28,71,9.8,1.1,10294.5
58911,2021-04-01 09:53:00,31.7,1003.4,41,144,7.7,0.6,10333.3
58918,2021-04-01 09:53:00,33.0,1012.2,50,242,10.5,1.3,10494.7
58921,2021-04-01 09:53:00,17.4,1022.1,5,353,7.0,0.1,10205.7
58926,2021-04-01 09:53:00,9.3,1023.9,100,347,6.4,1.0,10396.5
58927,2021-04-01 09:53:00,6.4,1006.6,56,102,4.1,1.1,10404.8
58931,2021-04-01 09:53:00,3.8,1014.0,11,186,3.9,0.7,10041.2
58933,2021-04-01 09:53:00,21.2,1021.2,50,143,12.4,0.1,10278.3
58936,2021-04-01 09:53:00,4.7,1025.7,26,39,11.9,0.5,10449.1
58944,2021-04-01 09:53:00,14.4,1020.3,90,278,14.7,1.2,10301.1
59113,2021-04-01 09:53:00,9.3,1024.8,11,12,1.3,0.9,10498.5
59126,2021-04-01 09:53:00,24.3,1004.2,93,302,12.5,1.3,10016.3
59133,2021-04-01 09:53:00,13.3,1016.9,55,277,4.1,0.4,10091.1
59134,2021-04-01 09:53:00,7.7,1018.2,36,6,1.0,0.4,10020.9
59321,2021-04-01 09:53:00,8.9,1011.2,18,209,11.8,0.3,10144.0
52323,2021-04-01 09:53:00,1.4,1002.5,54,266,13.5,0.1,10458.5
52418,2021-04-01 09:53:00,17.4,1002.0,47,35,13.9,0.4,10036.0
52424,2021-04-01 09:53:00,33.8,1008.7,22,145,14.1,1.3,10077.0
52436,2021-04-01 09:53:00,8.4,1004.7,41,263,6.0,0.5,10141.2
52446,2021-04-01 09:53:00,16.9,1009.1,28,91,3.9,1.2,10097.4
52447,2021-04-01 09:53:00,21.9,1022.9,91,148,11.9,1.2,10071.7
52533,2021-04-01 09:53:00,26.8,1003.1,68,64,7.5,1.3,10137.0
52546,2021-04-01 09:53:00,5.8,1016.5,86,61,8.7,1.3,10307.6
52652,2021-04-01 09:53:00,7.9,1020.4,50,39,2.2,0.4,10429.5
52661,2021-04-01 09:53:00,19.3,1024.5,94,257,13.9,1.5,10286.8
52674,2021-04-01 09:53:00,17.2,1001.2,29,330,11.3,0.4,10071.9
52679,2021-04-01 09:53:00,30.2,1012.2,56,225,13.9,0.4,10005.0
52681,2021-04-01 09:53:00,1.6,1010.2,16,276,10.3,0.8,10484.3
52787,2021-04-01 09:53:00,30.6,1018.0,99,157,0.5,1.5,10187.7
52797,2021-04-01 09:53:00,4.1,1025.2,53,276,14.9,0.9,10259.9
52884,2021-04-01 09:53:00,34.3,1016.9,45,150,1.8,0.3,10182.6
52895,2021-04-01 09:53:00,16.9,1005.9,39,255,11.3,0.9,10218.8
52983,2021-04-01 09:53:00,32.5,1011.2,72,163,1.7,1.3,10314.4
52984,2021-04-01 09:53:00,30.2,1005.3,60,271,14.0,1.2,10254.9
52986,2021-04-01 09:53:00,35.0,1000.7,10,63,12.8,0.1,10180.1
52996,2021-04-01 09:53:00,20.4,1020.9,66,265,5.3,0.4,10484.9
53821,2021-04-01 09:53:00,28.4,1003.9,5,195,8.1,1.1,10172.7
53915,2021-04-01 09:53:00,5.6,1026.3,64,195,11.1,1.4,10172.3
53923,2021-04-01 09:53:00,27.3,1026.0,79,216,13.7,1.5,10102.4
56074,2021-04-01 09:53:00,26.9,1002.3,58,185,0.4,0.2,10400.3
56080,2021-04-01 09:53:00,9.0,1016.5,16,57,4.0,1.5,10401.8
56093,2021-04-01 09:53:00,28.0,1009.3,44,2,14.6,0.2,10034.7
56096,2021-04-01 09:53:00,16.9,1024.0,96,305,2.5,1.3,10452.4
57014,2021-04-01 09:53:00,10.0,1007.8,14,52,10.8,1.4,10253.0
57996,2021-04-01 09:53:00,0.1,1011.2,73,71,2.7,1.1,10405.8
59072,2021-04-01 09:53:00,31.1,1001.8,14,151,0.6,0.9,10068.2
59082,2021-04-01 09:53:00,22.8,1001.2,63,215,10.4,1.3,10434.5
59087,2021-04-01 09:53:00,19.3,1001.5,43,75,10.0,0.4,10138.7
59088,2021-04-01 09:53:00,22.6,1026.0,78,162,12.9,0.6,10441.9
59096,2021-04-01 09:53:00,0.2,1014.2,94,358,9.6,1.5,10033.0
59097,2021-04-01 09:53:00,6.7,1020.3,87,239,13.5,0.4,10182.5
59107,2021-04-01 09:53:00,31.3,1008.0,56,272,9.7,0.9,10330.2
59116,2021-04-01 09:53:00,11.0,1024.2,47,307,14.0,0.8,10120.1
59117,2021-04-01 09:53:00,20.3,1024.6,27,230,11.5,0.7,10365.2
59271,2021-04-01 09:53:00,28.7,1022.5,31,148,4.8,0.1,10388.8
59278,2021-04-01 09:53:00,5.6,1020.4,55,18,8.1,0.9,10042.5
59280,2021-04-01 09:53:00,5.8,1002.5,70,337,2.0,1.5,10467.6
59287,2021-04-01 09:53:00,10.0,1018.6,66,211,11.9,1.5,10085.6
59289,2021-04-01 09:53:00,16.6,1021.8,24,48,4.3,0.1,10048.4
59293,2021-04-01 09:53:00,24.5,1005.4,97,238,9.4,1.0,10169.6
59294,2021-04-01 09:53:00,6.1,1017.1,59,316,2.3,1.5,10404.9
59298,2021-04-01 09:53:00,32.5,1009.4,19,173,13.8,1.1,10395.8
59303,2021-04-01 09:53:00,21.5,1021.7,48,192,14.0,0.2,10458.5
59304,2021-04-01 09:53:00,25.3,1023.5,10,147,10.2,1.3,10359.0
59306,2021-04-01 09:53:00,14.2,1002.4,66,93,12.0,0.3,10285.7
59310,2021-04-01 09:53:00,8.5,1003.9,64,149,9.9,0.1,10376.1
59316,2021-04-01 09:53:00,34.2,1025.3,81,186,4.7,1.5,10160.0
59317,2021-04-01 09:53:00,22.3,1020.1,33,25,7.8,0.1,10297.8
59324,2021-04-01 09:53:00,28.5,1010.1,63,256,11.0,0.7,10193.2
59456,2021-04-01 09:53:00,33.4,1009.0,84,329,0.9,0.6,10071.0
59462,2021-04-01 09:53:00,10.3,1011.1,14,29,10.2,0.5,10439.5
59478,2021-04-01 09:53:00,14.6,1000.4,36,269,12.5,1.5,10317.4
59485,2021-04-01 09:53:00,30.0,1005.7,19,196,11.5,0.0,10071.2
59488,2021-04-01 09:53:00,2.6,1021.2,68,223,11.7,1.0,10256.5
59493,2021-04-01 09:53:00,19.9,1018.9,63,159,3.2,0.0,10308.6
59501,2021-04-01 09:53:00,23.0,1010.3,85,224,5.0,0.7,10207.5
59658,2021-04-01 09:53:00,0.1,1006.2,40,281,0.5,1.3,10497.9
59663,2021-04-01 09:53:00,33.4,1010.5,36,180,5.4,1.4,10183.1
59664,2021-04-01 09:53:00,1.6,1015.9,8,161,0.5,1.0,10473.7
59673,2021-04-01 09:53:00,8.9,1019.0,82,254,12.5,0.9,10247.7
59754,2021-04-01 09:53:00,8.5,1001.1,36,193,13.3,1.4,10402.1
57947,2021-04-01 09:53:00,0.1,1007.9,57,93,2.6,1.1,10486.3
57957,2021-04-01 09:53:00,28.4,1005.5,30,273,10.2,0.0,10311.3
57958,2021-04-01 09:53:00,17.6,1018.3,48,317,11.0,0.8,10079.8
59021,2021-04-01 09:53:00,26.1,1006.2,35,245,14.0,0.6,10457.2
59023,2021-04-01 09:53:00,29.8,1012.4,58,344,8.0,0.9,10203.6
59027,2021-04-01 09:53:00,0.4,1003.7,44,306,10.4,0.4,10214.0
59037,2021-04-01 09:53:00,2.9,1012.0,99,276,7.1,0.1,10135.3
59046,2021-04-01 09:53:00,9.5,1022.7,90,311,12.6,0.8,10278.0
59058,2021-04-01 09:53:00,24.6,1015.9,8,263,9.0,0.4,10408.4
59065,2021-04-01 09:53:00,12.6,1010.5,38,29,3.7,1.2,10454.0
59209,2021-04-01 09:53:00,29.1,1004.4,60,130,1.6,0.1,10196.0
59211,2021-04-01 09:53:00,2.2,1016.9,32,343,3.3,1.3,10323.2
59218,2021-04-01 09:53:00,12.8,1014.2,36,291,14.3,1.5,10216.5
59228,2021-04-01 09:53:00,7.4,1008.4,34,216,8.9,0.6,10077.4
59242,2021-04-01 09:53:00,18.1,1006.7,55,102,5.8,0.9,10006.4
59254,2021-04-01 09:53:00,33.9,1014.0,91,26,2.9,1.3,10097.8
59265,2021-04-01 09:53:00,19.9,1002.1,37,327,4.5,0.3,10210.1
59417,2021-04-01 09:53:00,2.3,1015.1,85,24,7.6,0.5,10430.8
59431,2021-04-01 09:53:00,9.7,1020.3,19,36,14.2,0.4,10221.2
59446,2021-04-01 09:53:00,29.4,1012.5,95,208,1.5,0.0,10370.8
59453,2021-04-01 09:53:00,11.7,1022.4,37,143,5.8,0.4,10284.4
59626,2021-04-01 09:53:00,10.6,1005.0,53,202,1.2,1.2,10322.3
59631,2021-04-01 09:53:00,24.8,1015.9,99,199,14.4,0.9,10139.1
59632,2021-04-01 09:53:00,8.9,1002.3,78,21,3.5,1.5,10495.7
59644,2021-04-01 09:53:00,30.3,1025.7,17,131,1.7,1.2,10425.5
59647,2021-04-01 09:53:00,26.4,1018.6,58,260,2.1,0.9,10152.7
56691,2021-04-01 09:53:00,28.0,1012.6,41,337,10.2,1.1,10437.7
56693,2021-04-01 09:53:00,6.4,1013.0,45,178,10.3,0.2,10136.1
56792,2021-04-01 09:53:00,28.4,1006.0,50,353,5.5,1.3,10307.6
56793,2021-04-01 09:53:00,26.1,1001.9,12,19,4.7,0.0,10473.7
57606,2021-04-01 09:53:00,25.6,1016.7,55,138,7.5,1.4,10101.3
57614,2021-04-01 09:53:00,2.2,1014.2,26,309,9.7,0.9,10072.2
57625,2021-04-01 09:53:00,10.6,1025.0,49,84,4.3,0.5,10267.9
57647,2021-04-01 09:53:00,3.5,1019.2,87,132,3.8,0.1,10151.3
57707,2021-04-01 09:53:00,16.1,1022.0,3,327,4.4,0.4,10135.3
57710,2021-04-01 09:53:00,1.0,1012.0,54,41,14.2,1.0,10329.1
57712,2021-04-01 09:53:00,31.0,1007.2,52,65,14.7,1.5,10292.5
57718,2021-04-01 09:53:00,4.9,1001.5,83,10,6.9,1.2,10209.8
57722,2021-04-01 09:53:00,4.8,1014.0,86,306,8.2,0.4,10298.9
57729,2021-04-01 09:53:00,6.5,1003.3,23,291,5.3,0.8,10476.9
57731,2021-04-01 09:53:00,12.7,1013.6,36,338,10.8,0.2,10432.8
57741,2021-04-01 09:53:00,7.1,1015.2,77,10,14.0,0.2,10173.4
57803,2021-04-01 09:53:00,6.8,1002.9,4,249,9.6,0.9,10082.8
57805,2021-04-01 09:53:00,3.8,1023.6,73,148,7.9,0.7,10041.0
57806,2021-04-01 09:53:00,5.2,1022.3,64,321,7.9,1.5,10077.4
57816,2021-04-01 09:53:00,8.1,1000.9,59,278,2.9,0.6,10498.9
57825,2021-04-01 09:53:00,31.6,1007.4,42,78,2.5,0.1,10138.2
57827,2021-04-01 09:53:00,20.6,1000.3,16,143,11.9,0.0,10136.3
57832,2021-04-01 09:53:00,17.8,1020.5,75,165,0.8,0.5,10055.0
57839,2021-04-01 09:53:00,14.2,1007.0,90,79,13.0,0.7,10415.0
57840,2021-04-01 09:53:00,15.9,1001.8,31,50,3.0,1.1,10093.9
57902,2021-04-01 09:53:00,10.9,1024.3,61,169,0.6,0.4,10204.9
57906,2021-04-01 09:53:00,17.4,1014.8,48,90,5.3,1.3,10007.5
57907,2021-04-01 09:53:00,33.7,1013.3,87,72,5.3,1.5,10352.2
57910,2021-04-01 09:53:00,23.5,1020.5,14,86,6.0,0.3,10106.0
57912,2021-04-01 09:53:00,18.0,1004.2,38,288,13.5,0.1,10485.0
57916,2021-04-01 09:53:00,22.7,1024.2,15,183,9.5,1.3,10086.4
57922,2021-04-01 09:53:00,19.3,1020.0,22,141,14.8,1.5,10046.9
57926,2021-04-01 09:53:00,24.7,1000.4,99,211,11.1,1.1,10415.3
57932,2021-04-01 09:53:00,18.4,1001.4,67,164,12.8,0.3,10126.0
59758,2021-04-01 09:53:00,16.7,1022.1,95,59,8.4,0.0,10108.4
59838,2021-04-01 09:53:00,25.1,1023.6,41,328,5.8,0.5,10156.2
59845,2021-04-01 09:53:00,23.9,1008.0,8,332,0.7,0.1,10070.8
59849,2021-04-01 09:53:00,22.0,1007.1,93,42,3.2,1.0,10291.0
59855,2021-04-01 09:53:00,12.4,1019.7,24,235,12.4,0.9,10234.5
59948,2021-04-01 09:53:00,2.8,1014.2,23,79,0.1,1.4,10151.1
59954,2021-04-01 09:53:00,6.2,1008.6,62,318,14.8,0.0,10284.9
59981,2021-04-01 09:53:00,34.8,1000.1,86,236,4.9,0.9,10090.3
53399,2021-04-01 09:53:00,22.2,1003.0,78,173,0.9,0.1,10282.9
53593,2021-04-01 09:53:00,27.4,1004.0,56,183,0.0,0.1,10365.3
53698,2021-04-01 09:53:00,16.9,1023.9,3,202,2.2,1.1,10231.5
53798,2021-04-01 09:53:00,4.8,1013.9,63,280,6.2,0.3,10222.4
54308,2021-04-01 09:53:00,7.6,1007.9,79,64,7.1,0.0,10083.8
54311,2021-04-01 09:53:00,14.3,1010.4,58,326,3.1,1.3,10099.2
54401,2021-04-01 09:53:00,19.0,1010.9,45,114,4.0,1.1,10376.4
54405,2021-04-01 09:53:00,16.7,1000.7,30,135,9.8,0.8,10496.0
54423,2021-04-01 09:53:00,27.5,1011.0,24,45,2.4,0.5,10034.1
54429,2021-04-01 09:53:00,18.3,1020.4,11,228,6.8,0.8,10242.4
54436,2021-04-01 09:53:00,33.1,1018.0,56,33,13.1,1.2,10264.7
54449,2021-04-01 09:53:00,15.1,1005.1,18,84,1.5,0.6,10484.3
54518,2021-04-01 09:53:00,0.0,1001.9,87,48,4.0,1.3,10288.7
54534,2021-04-01 09:53:00,1.4,1008.8,76,196,12.4,0.6,10375.4
54535,2021-04-01 09:53:00,25.7,1004.3,91,345,4.3,0.1,10267.1
54539,2021-04-01 09:53:00,9.4,1001.6,99,0,0.2,1.5,10444.5
54602,2021-04-01 09:53:00,30.6,1005.6,9,34,6.2,1.1,10401.8
54606,2021-04-01 09:53:00,30.4,1004.6,17,353,2.1,0.4,10010.2
54618,2021-04-01 09:53:00,5.9,1003.2,34,91,14.0,1.5,10457.7
54624,2021-04-01 09:53:00,22.0,1013.4,71,33,2.6,0.5,10445.6
54705,2021-04-01 09:53:00,24.8,1023.8,52,300,0.6,0.7,10475.9
53898,2021-04-01 09:53:00,16.5,1007.6,50,253,6.5,0.9,10043.8
53986,2021-04-01 09:53:00,26.6,1025.6,88,314,4.5,0.0,10484.0
57051,2021-04-01 09:53:00,12.9,1015.7,18,322,12.4,0.8,10218.9
57067,2021-04-01 09:53:00,20.5,1017.9,51,192,4.7,1.3,10176.2
57071,2021-04-01 09:53:00,31.9,1000.7,20,115,6.9,0.4,10225.3
57077,2021-04-01 09:53:00,6.2,1011.3,100,272,9.9,0.2,10051.6
57083,2021-04-01 09:53:00,23.6,1022.1,89,194,0.8,0.2,10225.1
57084,2021-04-01 09:53:00,10.3,1010.4,46,288,5.5,1.5,10115.1
57089,2021-04-01 09:53:00,10.9,1019.0,7,140,1.4,0.1,10037.0
57091,2021-04-01 09:53:00,2.1,1011.8,41,81,8.6,1.5,10160.2
57156,2021-04-01 09:53:00,5.9,1023.4,6,194,9.0,0.5,10169.1
57178,2021-04-01 09:53:00,0.1,1013.4,79,185,4.5,1.1,10364.8
57181,2021-04-01 09:53:00,14.8,1008.7,48,337,12.2,0.1,10041.1
57193,2021-04-01 09:53:00,26.0,1016.9,6,174,13.2,1.3,10096.9
57285,2021-04-01 09:53:00,3.8,1007.3,42,276,6.7,1.4,10463.4
57290,2021-04-01 09:53:00,20.9,1003.5,60,129,4.1,0.5,10050.9
57297,2021-04-01 09:53:00,4.6,1007.2,21,21,3.4,0.7,10315.4
58005,2021-04-01 09:53:00,32.8,1002.1,17,247,6.1,0.1,10463.6
58111,2021-04-01 09:53:00,4.0,1019.5,17,232,0.8,0.6,10478.3
58208,2021-04-01 09:53:00,9.6,1022.1,11,233,14.8,1.4,10216.8
50136,2021-04-01 09:53:00,4.9,1009.9,90,201,7.2,0.1,10291.3
50246,2021-04-01 09:53:00,34.6,1018.1,22,135,5.7,0.9,10371.0
50247,2021-04-01 09:53:00,19.0,1007.2,36,184,13.2,0.7,10436.4
50349,2021-04-01 09:53:00,0.9,1006.8,97,177,12.2,0.6,10133.9
50353,2021-04-01 09:53:00,9.3,1020.8,46,302,8.8,1.0,10341.0
50442,2021-04-01 09:53:00,31.4,1005.5,67,138,8.1,0.3,10002.2
50468,2021-04-01 09:53:00,21.7,1001.8,52,91,9.0,1.0,10091.7
50557,2021-04-01 09:53:00,5.2,1015.2,4,16,5.7,1.5,10212.6
50564,2021-04-01 09:53:00,13.7,1018.2,89,292,13.6,0.2,10023.1
50656,2021-04-01 09:53:00,3.3,1019.9,11,158,7.4,0.0,10408.9
50658,2021-04-01 09:53:00,33.8,1011.2,47,68,14.5,0.1,10132.0
50674,2021-04-01 09:53:00,29.3,1007.4,87,163,7.8,1.3,10413.7
50739,2021-04-01 09:53:00,33.0,1019.5,17,7,14.7,0.9,10344.0
50742,2021-04-01 09:53:00,9.4,1007.3,86,341,6.7,1.5,10499.3
50745,2021-04-01 09:53:00,18.1,1008.1,9,229,14.0,0.6,10404.4
50756,2021-04-01 09:53:00,13.2,1019.1,9,54,3.7,0.2,10105.4
50758,2021-04-01 09:53:00,32.5,1006.5,69,303,2.5,0.9,10322.9
50774,2021-04-01 09:53:00,11.0,1015.9,42,328,8.7,1.4,10274.6
50778,2021-04-01 09:53:00,12.4,1000.2,70,348,4.5,0.5,10435.8
50788,2021-04-01 09:53:00,17.7,1004.3,96,73,8.7,1.2,10184.7
50844,2021-04-01 09:53:00,18.7,1020.0,38,232,8.6,1.4,10413.6
50853,2021-04-01 09:53:00,29.7,1009.2,70,126,9.1,1.4,10075.2
50854,2021-04-01 09:53:00,32.2,1015.3,18,354,1.0,0.6,10171.4
50862,2021-04-01 09:53:00,18.8,1008.8,82,264,0.3,0.4,10236.0
50873,2021-04-01 09:53:00,26.4,1010.4,70,297,3.7,0.3,10197.0
50877,2021-04-01 09:53:00,15.7,1013.7,9,166,6.4,0.5,10464.7
50888,2021-04-01 09:53:00,3.6,1014.4,73,295,2.7,0.1,10202.1
50950,2021-04-01 09:53:00,19.2,1011.2,5,18,4.5,0.1,10073.8
50953,2021-04-01 09:53:00,13.9,1007.8,64,221,5.4,0.5,10114.5
50955,2021-04-01 09:53:00,7.9,1006.0,72,146,5.9,1.5,10197.6
50963,2021-04-01 09:53:00,4.3,1018.5,31,322,9.9,0.2,10118.7
50968,2021-04-01 09:53:00,17.3,1014.8,91,201,12.0,1.1,10399.6
50973,2021-04-01 09:53:00,17.0,1019.6,14,289,5.4,0.0,10356.4
50978,2021-04-01 09:53:00,10.1,1004.4,22,342,5.1,0.4,10266.8
50983,2021-04-01 09:53:00,3.8,1015.4,79,135,8.4,0.0,10131.0
54094,2021-04-01 09:53:00,29.9,1001.9,39,47,10.7,1.3,10437.3
54096,2021-04-01 09:53:00,27.6,1006.6,60,77,1.2,0.8,10301.5
57251,2021-04-01 09:53:00,23.9,1024.3,78,160,5.8,1.0,10190.7
57256,2021-04-01 09:53:00,8.8,1004.7,56,242,1.8,0.9,10202.5
57259,2021-04-01 09:53:00,0.5,1017.5,80,203,10.9,0.5,10347.0
57265,2021-04-01 09:53:00,10.3,1017.3,51,128,7.4,0.5,10379.6
57278,2021-04-01 09:53:00,19.6,1016.3,13,318,13.1,0.9,10254.6
57279,2021-04-01 09:53:00,19.6,1011.6,25,103,3.5,0.4,10162.0
57355,2021-04-01 09:53:00,11.5,1013.7,87,111,6.3,1.3,10156.2
57358,2021-04-01 09:53:00,18.2,1005.5,69,43,13.3,0.6,10478.2
57359,2021-04-01 09:53:00,7.1,1004.9,89,159,6.2,0.4,10222.7
57363,2021-04-01 09:53:00,7.1,1022.8,100,97,8.6,1.5,10449.7
57378,2021-04-01 09:53:00,21.5,1005.9,70,78,2.7,1.1,10141.7
57381,2021-04-01 09:53:00,20.2,1011.8,48,58,11.0,1.1,10200.0
57395,2021-04-01 09:53:00,20.8,1018.5,5,97,11.4,0.1,10066.2
57399,2021-04-01 09:53:00,14.4,1021.5,18,105,3.9,0.0,10227.0
57439,2021-04-01 09:53:00,30.3,1004.6,7,149,0.5,0.3,10122.7
57445,2021-04-01 09:53:00,33.8,1017.8,73,196,5.8,1.5,10382.2
57447,2021-04-01 09:53:00,5.1,1016.9,9,5,1.9,0.5,10138.7
57458,2021-04-01 09:53:00,26.0,1005.1,32,195,5.1,1.3,10363.7
57461,2021-04-01 09:53:00,19.6,1008.6,8,50,11.7,0.2,10371.9
57476,2021-04-01 09:53:00,15.3,1000.1,4,237,2.4,0.3,10354.6
57482,2021-04-01 09:53:00,2.3,1010.0,82,144,13.1,1.3,10199.2
57483,2021-04-01 09:53:00,14.6,1013.4,46,208,11.2,0.4,10401.3
57493,2021-04-01 09:53:00,29.3,1024.4,98,298,0.1,0.8,10223.6
57494,2021-04-01 09:53:00,28.4,1013.0,5,165,11.2,1.5,10299.6
57545,2021-04-01 09:53:00,24.2,1010.1,42,113,13.3,1.4,10018.5
57573,2021-04-01 09:53:00,29.8,1014.5,100,228,12.2,0.4,10142.7
57581,2021-04-01 09:53:00,21.3,1023.8,65,90,5.4,0.1,10241.4
57583,2021-04-01 09:53:00,21.2,1013.8,42,38,3.8,1.3,10078.9
57595,2021-04-01 09:53:00,4.0,1000.6,31,353,14.3,1.1,10177.4
58402,2021-04-01 09:53:00,28.0,1005.7,96,263,6.5,0.3,10346.8
58407,2021-04-01 09:53:00,14.2,1004.9,73,121,1.4,0.8,10029.0
58500,2021-04-01 09:53:00,26.4,1024.5,34,116,6.8,0.2,10386.8
57554,2021-04-01 09:53:00,5.6,1026.4,31,293,13.2,0.4,10061.6
57562,2021-04-01 09:53:00,32.7,1014.6,25,176,3.5,1.1,10387.5
57574,2021-04-01 09:53:00,5.5,1014.9,16,249,10.4,1.1,10287.3
57584,2021-04-01 09:53:00,10.0,1012.3,36,337,2.5,0.0,10332.0
57642,2021-04-01 09:53:00,29.1,1019.6,21,274,12.0,1.4,10226.9
57649,2021-04-01 09:53:00,31.7,1018.7,26,122,0.3,1.3,10482.9
57655,2021-04-01 09:53:00,8.6,1006.8,43,131,13.3,1.3,10153.8
57662,2021-04-01 09:53:00,14.2,1001.1,92,339,2.1,0.6,10288.2
57669,2021-04-01 09:53:00,29.3,1010.3,64,42,14.5,1.1,10343.7
57671,2021-04-01 09:53:00,18.2,1010.5,68,202,10.7,0.8,10214.4
57673,2021-04-01 09:53:00,17.1,1002.3,48,140,6.4,0.1,10157.0
57679,2021-04-01 09:53:00,3.6,1018.0,25,178,9.8,1.1,10183.4
57682,2021-04-01 09:53:00,8.4,1006.1,47,339,14.4,0.5,10342.1
57687,2021-04-01 09:53:00,11.2,1017.9,63,277,14.1,0.5,10396.6
57745,2021-04-01 09:53:00,5.3,1000.1,89,80,11.9,1.2,10362.9
57749,2021-04-01 09:53:00,22.9,1021.1,57,94,3.4,0.0,10069.3
57752,2021-04-01 09:53:00,25.2,1000.7,23,244,14.3,0.8,10151.4
57758,2021-04-01 09:53:00,24.4,1022.9,90,111,13.3,1.5,10173.9
57761,2021-04-01 09:53:00,22.0,1011.4,73,154,11.0,0.8,10168.7
57766,2021-04-01 09:53:00,30.9,1020.0,99,7,13.4,1.0,10345.3
57774,2021-04-01 09:53:00,30.0,1025.4,27,352,3.4,0.4,10223.2
57776,2021-04-01 09:53:00,27.4,1009.8,33,329,5.7,0.9,10110.4
57779,2021-04-01 09:53:00,3.5,1026.1,42,28,6.1,0.1,10122.9
57780,2021-04-01 09:53:00,29.8,1004.3,29,85,13.0,1.4,10387.9
57841,2021-04-01 09:53:00,25.2,1012.8,28,334,11.9,0.1,10350.7
57845,2021-04-01 09:53:00,10.8,1011.1,97,293,3.1,0.8,10314.5
57853,2021-04-01 09:53:00,1.0,1017.9,56,232,3.2,1.3,10243.3
57857,2021-04-01 09:53:00,33.3,1007.6,95,47,4.4,0.2,10365.5
57860,2021-04-01 09:53:00,15.2,1015.7,98,303,8.7,0.4,10482.6
57866,2021-04-01 09:53:00,0.0,1019.5,66,270,13.8,0.9,10383.6
57872,2021-04-01 09:53:00,4.0,1010.8,99,309,4.7,0.1,10277.6
57874,2021-04-01 09:53:00,19.7,1002.6,94,285,2.3,0.3,10119.1
57889,2021-04-01 09:53:00,23.8,1020.5,70,316,1.9,0.2,10182.0
57965,2021-04-01 09:53:00,14.9,1020.8,19,156,2.5,1.5,10487.8
57972,2021-04-01 09:53:00,7.9,1020.8,23,272,9.1,0.0,10185.6
57974,2021-04-01 09:53:00,33.2,1025.4,35,203,8.6,1.1,10468.6
50936,2021-04-01 09:53:00,16.9,1022.0,98,146,8.5,0.6,10302.3
50945,2021-04-01 09:53:00,6.3,1006.6,16,23,13.1,1.3,10051.9
50948,2021-04-01 09:53:00,4.5,1024.0,59,349,7.0,1.2,10281.8
50949,2021-04-01 09:53:00,20.9,1020.6,47,314,13.5,1.2,10133.6
54041,2021-04-01 09:53:00,15.8,1001.1,31,210,13.1,0.3,10323.5
54049,2021-04-01 09:53:00,22.0,1023.5,85,185,8.3,1.5,10311.0
54063,2021-04-01 09:53:00,9.8,1008.9,73,213,0.6,0.2,10166.1
54064,2021-04-01 09:53:00,12.7,1018.6,49,289,12.2,0.3,10051.4
54142,2021-04-01 09:53:00,27.9,1016.0,74,141,13.9,1.5,10333.6
54157,2021-04-01 09:53:00,9.6,1020.2,73,261,2.9,0.8,10150.9
54161,2021-04-01 09:53:00,11.0,1014.7,59,350,9.3,1.0,10494.9
54165,2021-04-01 09:53:00,27.3,1024.6,99,47,3.4,1.5,10058.0
54171,2021-04-01 09:53:00,9.3,1023.7,14,308,1.9,1.4,10060.2
54181,2021-04-01 09:53:00,32.6,1016.4,13,61,2.8,1.3,10218.5
54186,2021-04-01 09:53:00,14.2,1010.8,41,313,0.3,1.4,10249.1
54195,2021-04-01 09:53:00,7.6,1022.5,59,60,10.3,0.1,10496.1
54260,2021-04-01 09:53:00,8.4,1010.1,97,76,4.8,0.9,10435.3
54263,2021-04-01 09:53:00,26.3,1007.8,14,68,9.4,0.2,10009.6
54266,2021-04-01 09:53:00,22.4,1015.5,32,202,0.8,1.1,10218.3
54273,2021-04-01 09:53:00,2.1,1001.8,63,242,11.0,0.5,10124.1
54276,2021-04-01 09:53:00,19.0,1021.5,90,112,13.8,0.6,10457.8
54284,2021-04-01 09:53:00,25.3,1013.7,66,147,14.7,1.4,10104.0
54285,2021-04-01 09:53:00,19.3,1000.8,97,236,7.3,0.3,10499.5
54286,2021-04-01 09:53:00,11.0,1000.7,7,309,12.8,0.4,10326.0
54292,2021-04-01 09:53:00,29.9,1009.6,26,354,12.3,0.7,10008.0
54363,2021-04-01 09:53:00,1.5,1013.5,60,221,0.2,0.4,10147.6
54374,2021-04-01 09:53:00,19.6,1009.1,97,353,1.5,0.9,10358.0
54377,2021-04-01 09:53:00,22.4,1006.7,61,334,12.7,1.4,10412.1
54386,2021-04-01 09:53:00,4.6,1004.1,88,237,2.8,0.9,10081.5
58026,2021-04-01 09:53:00,6.4,1016.5,63,105,13.7,0.1,10308.0
58027,2021-04-01 09:53:00,24.7,1016.7,28,101,5.6,0.8,10124.2
58038,2021-04-01 09:53:00,23.0,1024.7,49,301,14.1,0.0,10435.1
58040,2021-04-01 09:53:00,11.9,1002.4,65,19,1.1,0.3,10134.3
58047,2021-04-01 09:53:00,29.2,1011.6,34,264,9.8,0.3,10228.3
58130,2021-04-01 09:53:00,6.7,1014.9,29,187,11.8,1.5,10149.1
58135,2021-04-01 09:53:00,13.8,1011.9,8,357,9.8,0.4,10255.9
58138,2021-04-01 09:53:00,4.6,1023.4,100,334,4.1,1.5,10407.4
58141,2021-04-01 09:53:00,13.1,1001.6,24,97,13.3,1.2,10315.1
58143,2021-04-01 09:53:00,9.0,1006.3,4,77,12.4,1.1,10301.2
58150,2021-04-01 09:53:00,6.9,1004.3,65,169,7.0,0.8,10232.2
58158,2021-04-01 09:53:00,14.2,1012.0,31,152,9.6,0.9,10018.8
58238,2021-04-01 09:53:00,0.3,1000.1,74,143,6.2,1.2,10311.8
58241,2021-04-01 09:53:00,33.0,1011.2,35,149,5.5,0.5,10345.8
58251,2021-04-01 09:53:00,19.0,1007.0,95,347,6.0,1.0,10128.7
58252,2021-04-01 09:53:00,34.3,1009.4,68,223,1.4,0.5,10405.7
58255,2021-04-01 09:53:00,25.0,1016.5,47,82,12.6,1.5,10481.7
58259,2021-04-01 09:53:00,24.0,1023.2,91,226,12.1,0.4,10094.0
58265,2021-04-01 09:53:00,2.8,1002.8,66,191,8.5,1.1,10223.0
58343,2021-04-01 09:53:00,14.6,1010.7,87,208,10.6,1.0,10414.5
58345,2021-04-01 09:53:00,14.5,1013.5,52,134,3.6,0.5,10272.2
58354,2021-04-01 09:53:00,30.1,1012.4,87,125,8.6,0.5,10238.6
58356,2021-04-01 09:53:00,14.0,1021.3,12,31,11.9,0.9,10025.5
58358,2021-04-01 09:53:00,18.0,1000.0,93,72,11.2,0.6,10001.8
57598,2021-04-01 09:53:00,5.4,1004.6,17,242,4.2,0.7,10166.0
57696,2021-04-01 09:53:00,30.6,1002.5,17,74,13.4,1.1,10097.1
57789,2021-04-01 09:53:00,13.1,1006.2,93,134,3.5,0.7,10396.0
57793,2021-04-01 09:53:00,17.2,1010.2,80,81,12.3,0.3,10385.2
57799,2021-04-01 09:53:00,3.2,1025.7,99,266,8.8,0.3,10343.6
57894,2021-04-01 09:53:00,26.9,1012.7,77,80,4.9,0.5,10091.1
57896,2021-04-01 09:53:00,33.4,1016.8,8,268,3.0,1.1,10118.3
57993,2021-04-01 09:53:00,16.2,1017.9,21,182,13.9,0.3,10335.7
58506,2021-04-01 09:53:00,18.8,1006.5,1,31,2.7,0.3,10003.8
58507,2021-04-01 09:53:00,4.7,1016.9,59,110,9.6,0.3,10048.5
58519,2021-04-01 09:53:00,15.6,1018.5,70,193,13.0,1.2,10350.3
58527,2021-04-01 09:53:00,33.4,1007.7,89,217,8.4,0.8,10038.8
58600,2021-04-01 09:53:00,3.8,1020.1,87,109,3.6,1.5,10264.9
58606,2021-04-01 09:53:00,27.1,1009.8,3,103,10.2,1.3,10487.0
58608,2021-04-01 09:53:00,27.1,1006.5,100,328,8.2,1.3,10139.0
58622,2021-04-01 09:53:00,17.9,1008.2,76,72,12.5,1.5,10378.2
58626,2021-04-01 09:53:00,19.7,1005.5,6,64,13.9,0.7,10141.0
58634,2021-04-01 09:53:00,20.8,1019.7,70,73,12.0,0.0,10397.8
58637,2021-04-01 09:53:00,20.2,1013.2,14,337,13.9,0.0,10144.6
58705,2021-04-01 09:53:00,13.7,1018.8,12,125,13.1,1.1,10343.2
58715,2021-04-01 09:53:00,6.5,1022.9,11,307,8.2,0.7,10264.6
58718,2021-04-01 09:53:00,19.1,1015.6,81,298,9.3,0.1,10419.9
58806,2021-04-01 09:53:00,32.9,1008.3,20,142,6.2,0.8,10295.2
58813,2021-04-01 09:53:00,24.7,1007.2,2,24,13.2,1.2,10303.3
59092,2021-04-01 09:53:00,29.3,1009.3,71,61,6.0,0.9,10110.7
59102,2021-04-01 09:53:00,9.5,1025.5,96,25,11.3,1.1,10183.9
54236,2021-04-01 09:53:00,2.8,1019.2,8,67,0.2,0.2,10109.1
54237,2021-04-01 09:53:00,11.3,1023.3,94,288,11.2,1.0,10011.3
54243,2021-04-01 09:53:00,19.9,1019.0,7,320,11.6,0.1,10004.9
54254,2021-04-01 09:53:00,13.4,1021.9,75,92,11.4,0.9,10229.6
54259,2021-04-01 09:53:00,10.9,1017.7,5,119,12.4,0.7,10293.1
54324,2021-04-01 09:53:00,5.7,1000.2,88,213,0.5,1.2,10260.6
54326,2021-04-01 09:53:00,19.5,1011.3,60,203,3.9,1.3,10440.5
54333,2021-04-01 09:53:00,17.6,1008.8,10,83,1.2,1.5,10101.8
54334,2021-04-01 09:53:00,13.4,1015.1,45,189,0.3,1.2,10081.8
54335,2021-04-01 09:53:00,20.3,1008.2,67,88,5.4,0.1,10224.2
54337,2021-04-01 09:53:00,15.0,1016.3,68,100,1.6,0.2,10393.6
54339,2021-04-01 09:53:00,26.2,1019.6,20,60,4.4,0.4,10409.7
54342,2021-04-01 09:53:00,20.8,1022.8,99,18,1.9,0.2,10078.6
54346,2021-04-01 09:53:00,1.5,1009.5,48,344,10.7,0.1,10178.9
54349,2021-04-01 09:53:00,21.9,1007.0,19,324,10.8,0.9,10477.8
54351,2021-04-01 09:53:00,4.7,1022.4,100,262,11.0,1.0,10334.5
54353,2021-04-01 09:53:00,2.6,1019.6,39,225,11.1,0.1,10165.3
54365,2021-04-01 09:53:00,1.7,1025.8,3,86,13.0,0.5,10101.9
54452,2021-04-01 09:53:00,34.8,1004.6,28,142,8.7,1.3,10340.1
54454,2021-04-01 09:53:00,31.3,1019.5,35,342,9.4,1.0,10335.1
54455,2021-04-01 09:53:00,10.0,1017.4,53,73,0.3,0.2,10074.6
54470,2021-04-01 09:53:00,23.7,1013.1,87,297,6.7,0.8,10238.7
54471,2021-04-01 09:53:00,18.5,1006.0,67,127,10.8,1.3,10244.7
54472,2021-04-01 09:53:00,10.5,1023.8,21,23,7.0,1.0,10055.8
54476,2021-04-01 09:53:00,30.3,1008.0,75,113,14.7,0.2,10227.4
54486,2021-04-01 09:53:00,21.3,1013.1,70,16,10.2,1.1,10340.1
54493,2021-04-01 09:53:00,20.0,1004.0,18,89,13.7,1.5,10404.2
54497,2021-04-01 09:53:00,22.2,1024.8,98,291,11.8,1.3,10447.0
54563,2021-04-01 09:53:00,26.7,1007.9,5,226,1.6,1.0,10352.5
54579,2021-04-01 09:53:00,1.6,1013.4,19,65,3.0,1.1,10386.5
54584,2021-04-01 09:53:00,31.0,1013.4,97,106,8.9,1.3,10396.7
54660,2021-04-01 09:53:00,8.7,1005.6,36,345,8.1,0.8,10020.5
54662,2021-04-01 09:53:00,24.9,1009.4,56,343,3.0,1.5,10051.2
50425,2021-04-01 09:53:00,21.7,1016.1,81,232,0.2,0.2,10001.5
50434,2021-04-01 09:53:00,26.1,1016.4,12,59,13.3,0.7,10273.4
50514,2021-04-01 09:53:00,19.7,1019.5,5,104,12.8,1.1,10497.6
50527,2021-04-01 09:53:00,10.8,1022.0,98,123,7.9,1.2,10102.7
50548,2021-04-01 09:53:00,21.2,1010.5,8,178,0.9,0.0,10197.7
50603,2021-04-01 09:53:00,15.2,1009.5,52,36,8.0,0.7,10252.0
50618,2021-04-01 09:53:00,14.2,1011.7,97,112,14.9,0.4,10480.0
50632,2021-04-01 09:53:00,16.1,1002.8,78,81,1.8,1.5,10205.3
50639,2021-04-01 09:53:00,18.0,1003.3,16,131,14.9,0.2,10472.9
50727,2021-04-01 09:53:00,14.6,1014.4,44,71,5.5,1.1,10482.3
50834,2021-04-01 09:53:00,2.8,1006.0,87,24,13.2,0.6,10498.2
50838,2021-04-01 09:53:00,26.8,1004.4,46,33,7.7,0.3,10220.9
50915,2021-04-01 09:53:00,5.7,1010.7,64,208,8.5,0.6,10170.7
50924,2021-04-01 09:53:00,34.9,1001.7,82,144,1.7,0.8,10258.3
52267,2021-04-01 09:53:00,33.1,1014.1,36,213,8.1,0.6,10459.3
52495,2021-04-01 09:53:00,1.4,1012.6,15,82,14.1,0.8,10158.9
52576,2021-04-01 09:53:00,7.7,1006.5,75,276,13.9,0.5,10032.6
53068,2021-04-01 09:53:00,4.2,1006.7,77,23,7.1,0.1,10150.9
53083,2021-04-01 09:53:00,7.4,1002.5,76,286,5.7,1.1,10414.4
53149,2021-04-01 09:53:00,0.1,1024.7,50,328,14.3,0.7,10440.9
53192,2021-04-01 09:53:00,20.4,1021.7,79,37,6.4,0.4,10408.7
53195,2021-04-01 09:53:00,11.6,1010.3,91,330,11.2,0.6,10213.9
53276,2021-04-01 09:53:00,24.4,1007.7,5,166,1.2,0.8,10388.5
53336,2021-04-01 09:53:00,28.3,1022.5,25,312,3.2,0.9,10429.5
53352,2021-04-01 09:53:00,23.3,1002.5,84,294,6.8,0.1,10109.0
53362,2021-04-01 09:53:00,28.8,1004.9,97,178,1.4,0.2,10077.6
53367,2021-04-01 09:53:00,29.5,1005.6,66,233,8.5,0.5,10486.7
53391,2021-04-01 09:53:00,34.4,1018.1,37,301,4.8,1.2,10356.0
53446,2021-04-01 09:53:00,29.7,1019.2,59,270,12.9,0.1,10255.0
53463,2021-04-01 09:53:00,8.0,1014.8,48,232,2.7,0.3,10413.6
53480,2021-04-01 09:53:00,6.5,1007.7,91,151,4.0,1.1,10310.2
53502,2021-04-01 09:53:00,15.0,1006.6,29,6,3.0,0.4,10465.4
53513,2021-04-01 09:53:00,3.1,1007.3,34,203,11.5,1.5,10281.1
53529,2021-04-01 09:53:00,32.3,1018.4,50,224,14.2,1.2,10303.7
53543,2021-04-01 09:53:00,1.4,1013.1,51,142,7.3,0.8,10385.2
53547,2021-04-01 09:53:00,25.0,1010.9,70,202,7.7,0.5,10164.8
53602,2021-04-01 09:53:00,5.0,1009.8,16,80,4.1,0.4,10273.4
54012,2021-04-01 09:53:00,21.7,1008.1,81,145,7.5,0.1,10063.7
54026,2021-04-01 09:53:00,5.3,1014.9,82,310,2.0,1.1,10152.1
54027,2021-04-01 09:53:00,3.2,1005.3,90,102,2.4,0.7,10024.1
54102,2021-04-01 09:53:00,0.2,1012.3,73,51,12.4,0.3,10084.2
54115,2021-04-01 09:53:00,18.6,1023.3,7,6,7.9,1.0,10101.6
54134,2021-04-01 09:53:00,28.5,1020.7,37,356,9.6,0.9,10396.8
54135,2021-04-01 09:53:00,17.7,1004.8,24,254,7.3,0.1,10305.6
54208,2021-04-01 09:53:00,16.9,1013.6,33,198,13.4,1.2,10461.2
54213,2021-04-01 09:53:00,34.3,1008.6,13,258,8.6,1.0,10270.6
54218,2021-04-01 09:53:00,28.9,1014.6,40,266,7.5,1.5,10428.3
54226,2021-04-01 09:53:00,1.0,1022.2,75,332,9.2,0.9,10496.0
53519,2021-04-01 09:53:00,14.5,1008.4,36,224,9.0,0.3,10307.8
53612,2021-04-01 09:53:00,24.4,1016.3,77,137,7.4,0.4,10021.8
53614,2021-04-01 09:53:00,15.8,1006.6,72,339,1.7,0.2,10016.9
53615,2021-04-01 09:53:00,6.1,1008.0,14,98,7.9,1.5,10072.7
53704,2021-04-01 09:53:00,11.4,1026.1,70,88,5.1,0.8,10491.2
53705,2021-04-01 09:53:00,31.8,1013.0,20,148,0.3,0.7,10314.6
53723,2021-04-01 09:53:00,30.0,1011.2,74,123,9.8,1.3,10419.2
53806,2021-04-01 09:53:00,2.1,1007.2,82,73,4.5,0.2,10173.8
53810,2021-04-01 09:53:00,5.8,1008.3,95,288,6.9,1.1,10003.2
53817,2021-04-01 09:53:00,13.8,1026.1,94,194,4.8,0.0,10299.1
53903,2021-04-01 09:53:00,30.8,1024.3,41,293,5.2,0.6,10194.7
53910,2021-04-01 09:53:00,30.7,1011.8,53,11,7.2,0.5,10226.3
51886,2021-04-01 09:53:00,30.9,1015.1,20,294,11.6,0.9,10005.5
52602,2021-04-01 09:53:00,14.9,1013.3,83,358,10.1,0.7,10210.0
52633,2021-04-01 09:53:00,6.0,1015.8,7,224,10.8,1.1,10243.5
52645,2021-04-01 09:53:00,22.4,1010.0,19,214,13.0,0.6,10032.1
52657,2021-04-01 09:53:00,18.2,1000.7,22,42,9.0,1.2,10365.2
52707,2021-04-01 09:53:00,5.6,1002.1,15,204,3.6,1.2,10107.5
52713,2021-04-01 09:53:00,0.7,1021.1,27,40,2.1,0.8,10447.4
52737,2021-04-01 09:53:00,8.5,1008.6,38,291,14.8,1.2,10448.6
52754,2021-04-01 09:53:00,24.0,1014.3,43,135,13.8,0.7,10122.5
52765,2021-04-01 09:53:00,23.5,1021.7,30,299,11.5,0.7,10448.4
52818,2021-04-01 09:53:00,32.1,1018.4,86,94,1.7,1.1,10404.0
52825,2021-04-01 09:53:00,21.3,1004.0,83,341,2.7,0.3,10222.0
52833,2021-04-01 09:53:00,8.9,1000.7,70,348,5.6,0.3,10075.7
52836,2021-04-01 09:53:00,23.4,1016.8,5,136,8.5,1.3,10440.4
52842,2021-04-01 09:53:00,27.0,1011.1,51,195,11.7,0.3,10351.8
52856,2021-04-01 09:53:00,11.2,1020.0,88,226,14.6,0.5,10337.6
52866,2021-04-01 09:53:00,1.5,1016.5,64,212,1.8,0.8,10368.4
52868,2021-04-01 09:53:00,25.8,1008.2,60,42,7.5,0.7,10469.4
52876,2021-04-01 09:53:00,34.1,1017.3,19,105,7.6,0.8,10397.9
52908,2021-04-01 09:53:00,13.1,1025.3,74,223,0.8,0.4,10333.3
52943,2021-04-01 09:53:00,1.6,1016.9,61,229,2.2,0.7,10344.9
52955,2021-04-01 09:53:00,28.0,1016.7,99,68,10.6,1.4,10467.3
52974,2021-04-01 09:53:00,1.9,1021.3,93,25,7.4,1.4,10491.0
56004,2021-04-01 09:53:00,6.9,1015.8,84,306,4.1,0.5,10285.4
56018,2021-04-01 09:53:00,19.0,1016.7,43,106,4.9,0.2,10339.0
56021,2021-04-01 09:53:00,35.0,1024.7,74,223,13.4,1.2,10072.0
56029,2021-04-01 09:53:00,24.9,1019.7,74,113,10.7,0.9,10342.1
56033,2021-04-01 09:53:00,9.5,1010.5,83,84,11.5,1.3,10092.2
56034,2021-04-01 09:53:00,21.6,1004.7,65,287,14.2,0.2,10159.9
56043,2021-04-01 09:53:00,11.1,1008.9,2,36,13.6,0.2,10298.6
56046,2021-04-01 09:53:00,2.6,1005.8,63,345,13.2,0.7,10091.0
56065,2021-04-01 09:53:00,31.0,1019.9,63,225,3.6,1.2,10171.1
56067,2021-04-01 09:53:00,25.0,1024.9,45,97,8.4,1.2,10154.1
56125,2021-04-01 09:53:00,20.3,1001.6,31,71,12.7,1.1,10091.1
56151,2021-04-01 09:53:00,29.5,1018.0,19,121,11.0,0.4,10323.5
54715,2021-04-01 09:53:00,4.6,1004.9,50,77,12.5,1.1,10345.3
54725,2021-04-01 09:53:00,33.3,1024.7,77,43,1.7,0.8,10322.9
54727,2021-04-01 09:53:00,8.4,1023.5,91,341,14.8,0.0,10115.1
54744,2021-04-01 09:53:00,32.4,1007.8,44,232,2.0,0.5,10265.4
54751,2021-04-01 09:53:00,20.6,1017.0,92,27,1.6,0.1,10378.9
54753,2021-04-01 09:53:00,2.7,1006.4,32,115,1.2,0.3,10291.0
54764,2021-04-01 09:53:00,34.5,1009.4,45,114,1.1,0.2,10162.6
54774,2021-04-01 09:53:00,11.7,1022.8,24,135,6.6,1.0,10460.7
54776,2021-04-01 09:53:00,20.6,1009.9,13,359,12.6,0.4,10102.0
54808,2021-04-01 09:53:00,1.7,1005.2,16,267,5.1,1.0,10472.7
54823,2021-04-01 09:53:00,31.8,1007.7,15,346,3.8,0.2,10205.0
54826,2021-04-01 09:53:00,19.0,1016.4,100,80,0.2,0.6,10471.1
54836,2021-04-01 09:53:00,29.2,1010.0,28,109,11.9,0.0,10103.6
54842,2021-04-01 09:53:00,16.5,1003.1,80,243,9.3,1.0,10005.2
54843,2021-04-01 09:53:00,13.8,1022.1,75,320,0.3,1.2,10436.2
54857,2021-04-01 09:53:00,32.6,1023.3,40,352,9.2,1.0,10014.7
54863,2021-04-01 09:53:00,18.5,1014.8,1,117,5.3,0.8,10191.7
54909,2021-04-01 09:53:00,24.6,1021.5,60,184,11.6,1.4,10488.3
54916,2021-04-01 09:53:00,12.8,1012.1,100,255,8.2,0.9,10043.8
54929,2021-04-01 09:53:00,1.0,1004.0,75,118,1.5,0.1,10404.7
54936,2021-04-01 09:53:00,25.8,1015.0,76,245,12.0,0.7,10007.6
54945,2021-04-01 09:53:00,14.2,1013.2,55,143,12.9,1.3,10483.6
58034,2021-04-01 09:53:00,0.5,1015.4,96,176,9.0,1.4,10285.3
53478,2021-04-01 09:53:00,18.9,1003.8,32,62,8.8,0.1,10449.5
53487,2021-04-01 09:53:00,31.4,1000.7,16,284,3.0,1.0,10287.1
53490,2021-04-01 09:53:00,1.9,1003.5,50,8,12.9,0.3,10182.5
53564,2021-04-01 09:53:00,34.0,1004.8,12,316,7.4,0.2,10297.7
53578,2021-04-01 09:53:00,4.3,1000.5,78,322,7.8,0.4,10430.2
53579,2021-04-01 09:53:00,15.9,1025.6,98,156,4.0,0.1,10219.9
53588,2021-04-01 09:53:00,16.6,1003.0,64,265,2.7,0.8,10027.0
53594,2021-04-01 09:53:00,21.4,1016.2,38,48,3.7,0.0,10210.4
53663,2021-04-01 09:53:00,20.8,1016.1,90,89,6.1,0.6,10110.2
53664,2021-04-01 09:53:00,22.8,1002.7,28,313,4.5,0.1,10360.7
53673,2021-04-01 09:53:00,20.5,1009.5,83,208,4.7,0.9,10321.5
53687,2021-04-01 09:53:00,9.9,1000.6,39,194,7.8,1.1,10044.1
53764,2021-04-01 09:53:00,13.2,1003.3,31,160,3.2,0.0,10451.3
53772,2021-04-01 09:53:00,0.4,1020.0,85,149,1.7,1.5,10140.4
53775,2021-04-01 09:53:00,33.0,1002.0,93,12,3.2,0.2,10221.5
53787,2021-04-01 09:53:00,14.9,1014.4,94,147,13.5,0.7,10327.2
53853,2021-04-01 09:53:00,33.2,1003.4,48,194,8.4,1.3,10142.6
53859,2021-04-01 09:53:00,8.0,1025.4,80,254,14.0,1.5,10300.4
53863,2021-04-01 09:53:00,2.3,1000.6,7,264,11.9,1.4,10270.9
53868,2021-04-01 09:53:00,5.8,1026.1,89,81,10.0,1.3,10006.9
53877,2021-04-01 09:53:00,4.8,1021.1,82,164,12.7,0.8,10009.8
53882,2021-04-01 09:53:00,10.7,1011.3,57,50,0.7,0.3,10051.7
53884,2021-04-01 09:53:00,22.2,1015.0,1,109,2.8,0.6,10179.6
53959,2021-04-01 09:53:00,25.2,1014.3,62,329,8.6,0.9,10028.4
53963,2021-04-01 09:53:00,34.1,1015.9,72,227,5.2,0.0,10000.7
53968,2021-04-01 09:53:00,15.6,1021.3,22,272,9.1,1.3,10273.8
53975,2021-04-01 09:53:00,2.4,1016.1,72,290,11.6,0.7,10358.5
57052,2021-04-01 09:53:00,25.2,1016.4,45,314,3.7,0.5,10186.4
53646,2021-04-01 09:53:00,22.9,1004.8,26,174,9.4,0.4,10269.9
53651,2021-04-01 09:53:00,32.3,1006.3,25,56,8.8,0.5,10125.9
53725,2021-04-01 09:53:00,12.6,1022.6,48,231,14.4,1.4,10448.4
53735,2021-04-01 09:53:00,7.4,1004.1,41,127,7.0,1.2,10427.8
53738,2021-04-01 09:53:00,3.9,1007.3,97,304,10.1,0.1,10187.4
53740,2021-04-01 09:53:00,1.0,1009.5,93,154,12.5,0.1,10191.8
53754,2021-04-01 09:53:00,18.0,1019.9,96,54,14.3,1.4,10160.8
53845,2021-04-01 09:53:00,6.2,1007.7,60,0,5.3,1.5,10373.1
53854,2021-04-01 09:53:00,11.8,1002.1,61,94,13.1,1.2,10104.6
53929,2021-04-01 09:53:00,14.9,1006.9,18,112,0.1,1.4,10290.3
53942,2021-04-01 09:53:00,22.8,1019.9,2,39,14.5,0.0,10079.0
53948,2021-04-01 09:53:00,34.0,1006.5,12,50,0.4,0.2,10020.0
53955,2021-04-01 09:53:00,20.2,1017.6,42,14,5.9,0.1,10349.5
57003,2021-04-01 09:53:00,11.6,1011.4,87,56,9.0,0.0,10171.1
57025,2021-04-01 09:53:00,25.1,1020.8,88,308,9.7,0.0,10248.2
57028,2021-04-01 09:53:00,15.9,1002.8,46,185,2.8,0.4,10406.0
57030,2021-04-01 09:53:00,28.8,1014.0,98,283,5.4,0.6,10111.6
57034,2021-04-01 09:53:00,15.9,1009.1,46,48,10.2,0.7,10042.3
57037,2021-04-01 09:53:00,25.2,1012.1,98,44,10.9,1.2,10066.6
57046,2021-04-01 09:53:00,19.2,1004.1,18,125,1.4,1.4,10095.8
57048,2021-04-01 09:53:00,23.8,1009.8,58,58,10.5,0.6,10353.6
57049,2021-04-01 09:53:00,25.2,1003.1,51,295,3.9,1.1,10458.8
57106,2021-04-01 09:53:00,13.2,1014.5,21,213,2.4,0.1,10342.7
57124,2021-04-01 09:53:00,14.8,1003.5,28,114,13.1,0.8,10028.2
57127,2021-04-01 09:53:00,4.7,1013.3,42,231,3.3,1.4,10056.3
57131,2021-04-01 09:53:00,17.8,1020.8,95,140,10.4,1.2,10443.4
57134,2021-04-01 09:53:00,26.6,1008.3,12,306,7.5,0.3,10243.9
57140,2021-04-01 09:53:00,12.9,1016.7,42,195,10.7,1.2,10015.3
57143,2021-04-01 09:53:00,15.2,1005.9,81,127,7.3,0.9,10377.3
57144,2021-04-01 09:53:00,4.4,1020.0,4,87,13.3,0.5,10248.5
57154,2021-04-01 09:53:00,12.7,1017.3,76,94,8.6,1.0,10010.6
57211,2021-04-01 09:53:00,6.2,1021.1,92,253,12.5,0.9,10144.1
57232,2021-04-01 09:53:00,32.2,1019.3,30,4,6.8,0.9,10335.9
57238,2021-04-01 09:53:00,25.6,1016.9,94,201,1.1,0.8,10155.3
57245,2021-04-01 09:53:00,4.6,1012.5,2,207,8.8,0.4,10227.2
57343,2021-04-01 09:53:00,21.1,1002.7,42,200,14.0,1.2,10069.0
58362,2021-04-01 09:53:00,8.9,1015.7,2,40,7.3,0.2,10256.5
56038,2021-04-01 09:53:00,6.6,1002.8,89,34,7.9,0.2,10197.6
56079,2021-04-01 09:53:00,16.8,1026.0,89,106,12.6,0.1,10301.7
56144,2021-04-01 09:53:00,10.1,1015.0,47,5,8.9,1.1,10174.7
56146,2021-04-01 09:53:00,12.1,1025.3,91,127,14.3,0.7,10106.8
56152,2021-04-01 09:53:00,13.2,1014.5,26,349,1.8,0.5,10460.2
56167,2021-04-01 09:53:00,0.1,1018.9,83,239,8.2,1.5,10341.8
56172,2021-04-01 09:53:00,34.0,1011.9,3,16,13.6,0.0,10319.8
56173,2021-04-01 09:53:00,4.2,1018.7,59,117,1.2,0.4,10267.1
56178,2021-04-01 09:53:00,24.0,1023.3,5,55,6.8,0.9,10032.9
56182,2021-04-01 09:53:00,12.9,1022.2,32,265,4.6,0.6,10348.6
56187,2021-04-01 09:53:00,10.7,1006.4,2,58,0.5,1.1,10069.0
56188,2021-04-01 09:53:00,23.8,1013.8,37,359,4.2,0.3,10335.9
56196,2021-04-01 09:53:00,25.7,1005.0,82,344,9.1,1.3,10331.7
56247,2021-04-01 09:53:00,4.8,1013.7,77,320,11.4,0.0,10039.3
56251,2021-04-01 09:53:00,35.0,1008.9,63,341,11.5,1.1,10095.8
56257,2021-04-01 09:53:00,18.3,1021.6,47,52,7.6,1.1,10440.5
56287,2021-04-01 09:53:00,11.6,1026.2,61,346,7.9,0.9,10063.7
56357,2021-04-01 09:53:00,30.5,1025.4,35,352,9.6,1.5,10280.5
56374,2021-04-01 09:53:00,27.6,1025.8,70,32,4.9,0.3,10077.0
56385,2021-04-01 09:53:00,2.6,1020.6,50,216,2.4,0.7,10007.1
56386,2021-04-01 09:53:00,16.6,1009.2,34,129,6.6,0.9,10110.0
56459,2021-04-01 09:53:00,0.9,1000.2,43,150,1.6,0.8,10119.9
56462,2021-04-01 09:53:00,9.1,1007.6,39,284,1.6,0.8,10411.8
56475,2021-04-01 09:53:00,8.1,1021.8,15,123,4.4,1.5,10187.0
56479,2021-04-01 09:53:00,9.2,1019.2,22,41,14.7,1.0,10234.9
56485,2021-04-01 09:53:00,17.7,1015.1,91,103,13.8,1.2,10476.6
56492,2021-04-01 09:53:00,20.8,1012.2,89,288,5.6,1.1,10345.2
56565,2021-04-01 09:53:00,2.4,1009.7,42,302,8.2,0.3,10458.0
56571,2021-04-01 09:53:00,29.5,1010.7,98,97,8.6,1.4,10205.5
56666,2021-04-01 09:53:00,12.8,1001.4,62,259,12.6,1.1,10003.2
56671,2021-04-01 09:53:00,15.1,1001.4,49,171,5.1,0.5,10191.5
57206,2021-04-01 09:53:00,5.9,1013.8,85,82,10.7,0.1,10490.9
57237,2021-04-01 09:53:00,8.1,1012.1,2,338,6.0,0.7,10005.6
57306,2021-04-01 09:53:00,29.6,1005.4,39,72,4.4,0.3,10049.3
57313,2021-04-01 09:53:00,22.2,1008.9,46,148,4.3,1.4,10147.2
57314,2021-04-01 09:53:00,10.5,1014.5,4,216,5.5,1.1,10148.7
57328,2021-04-01 09:53:00,34.8,1022.8,67,231,10.6,1.2,10107.5
57405,2021-04-01 09:53:00,18.2,1017.4,91,244,4.0,1.2,10465.8
57411,2021-04-01 09:53:00,34.3,1010.5,80,88,8.6,0.5,10115.9
57503,2021-04-01 09:53:00,14.0,1003.8,13,29,10.8,0.7,10110.0
57604,2021-04-01 09:53:00,19.0,1002.3,77,167,12.6,1.0,10293.9
57608,2021-04-01 09:53:00,31.1,1012.9,53,52,8.5,1.4,10172.3
54525,2021-04-01 09:53:00,25.5,1012.3,18,112,5.5,1.3,10285.4
54527,2021-04-01 09:53:00,9.7,1008.6,75,165,4.9,0.2,10320.0
54623,2021-04-01 09:53:00,32.9,1003.9,93,4,1.2,0.0,10382.8
55228,2021-04-01 09:53:00,24.5,1007.9,82,25,12.9,0.2,10408.0
55248,2021-04-01 09:53:00,31.1,1000.0,100,332,10.5,0.4,10379.4
55279,2021-04-01 09:53:00,21.4,1003.7,83,24,4.3,0.4,10082.3
55294,2021-04-01 09:53:00,20.7,1020.2,37,75,4.6,0.0,10081.4
55299,2021-04-01 09:53:00,4.2,1017.8,83,152,11.2,0.4,10332.5
55437,2021-04-01 09:53:00,10.7,1023.5,60,230,8.0,0.6,10034.4
55472,2021-04-01 09:53:00,29.5,1002.2,64,248,9.4,0.5,10147.3
55493,2021-04-01 09:53:00,28.9,1018.6,87,64,14.6,0.6,10314.4
55569,2021-04-01 09:53:00,2.7,1000.7,72,85,5.2,1.4,10003.7
55578,2021-04-01 09:53:00,6.6,1010.2,40,172,7.2,0.6,10013.3
55585,2021-04-01 09:53:00,32.7,1002.9,29,352,13.6,1.2,10210.8
55591,2021-04-01 09:53:00,6.3,1025.4,50,172,14.1,0.7,10339.7
55598,2021-04-01 09:53:00,34.4,1015.1,2,171,11.5,1.2,10456.6
55655,2021-04-01 09:53:00,24.9,1018.5,99,226,0.2,0.5,10081.3
55664,2021-04-01 09:53:00,34.5,1010.0,25,203,5.1,1.2,10188.7
55680,2021-04-01 09:53:00,8.0,1005.3,21,341,3.8,1.4,10282.8
55681,2021-04-01 09:53:00,23.7,1006.4,56,120,12.1,0.0,10156.4
55690,2021-04-01 09:53:00,22.1,1006.2,93,336,11.3,0.3,10300.8
55696,2021-04-01 09:53:00,22.0,1012.2,45,24,7.2,0.8,10081.5
55773,2021-04-01 09:53:00,33.9,1021.4,55,302,7.3,1.1,10154.2
56106,2021-04-01 09:53:00,7.9,1020.9,83,244,10.8,0.5,10387.4
56116,2021-04-01 09:53:00,8.5,1008.0,68,8,2.7,1.2,10234.6
56137,2021-04-01 09:53:00,19.2,1026.0,23,60,8.7,0.2,10091.5
56202,2021-04-01 09:53:00,12.1,1019.3,32,305,11.2,1.3,10118.1
56223,2021-04-01 09:53:00,22.2,1023.4,85,130,6.3,1.0,10416.1
56227,2021-04-01 09:53:00,34.6,1008.0,11,33,5.0,0.2,10110.4
56312,2021-04-01 09:53:00,6.6,1002.2,50,142,9.7,0.3,10105.7
56331,2021-04-01 09:53:00,0.8,1012.6,87,336,8.1,1.3,10158.7
56434,2021-04-01 09:53:00,24.3,1007.1,83,33,12.1,1.4,10356.4
51053,2021-04-01 09:53:00,16.3,1014.6,83,228,4.3,0.5,10336.7
51059,2021-04-01 09:53:00,6.0,1025.5,36,304,1.9,0.1,10272.0
51060,2021-04-01 09:53:00,24.0,1000.7,29,14,0.4,0.6,10067.9
51068,2021-04-01 09:53:00,2.6,1010.5,38,143,9.2,0.3,10077.7
51076,2021-04-01 09:53:00,17.7,1016.6,54,149,2.7,0.7,10150.6
51087,2021-04-01 09:53:00,22.3,1015.7,73,155,5.7,1.5,10110.4
51133,2021-04-01 09:53:00,11.6,1012.6,87,138,10.9,0.2,10413.5
51156,2021-04-01 09:53:00,34.2,1016.8,9,152,11.8,0.9,10278.0
51186,2021-04-01 09:53:00,7.6,1014.8,6,107,0.9,1.4,10221.3
51232,2021-04-01 09:53:00,25.6,1018.7,88,38,13.0,1.1,10303.2
51238,2021-04-01 09:53:00,1.1,1012.1,65,38,6.5,0.6,10111.3
51241,2021-04-01 09:53:00,8.7,1008.4,74,31,10.2,0.1,10198.9
51243,2021-04-01 09:53:00,33.2,1017.5,32,265,0.0,0.8,10211.8
51288,2021-04-01 09:53:00,31.5,1025.6,90,209,14.6,0.0,10047.2
51330,2021-04-01 09:53:00,19.8,1010.2,85,155,0.6,1.3,10351.5
51334,2021-04-01 09:53:00,17.9,1004.8,7,57,2.2,0.3,10335.2
51346,2021-04-01 09:53:00,1.4,1007.8,32,149,9.5,1.5,10285.9
51358,2021-04-01 09:53:00,29.4,1009.6,47,337,0.0,0.0,10033.7
51365,2021-04-01 09:53:00,7.1,1001.6,67,152,0.4,0.3,10479.3
51367,2021-04-01 09:53:00,33.4,1015.7,78,43,10.5,0.7,10382.0
51379,2021-04-01 09:53:00,1.5,1007.4,69,326,7.7,1.1,10260.2
51431,2021-04-01 09:53:00,8.4,1024.1,90,261,6.8,1.2,10318.1
51433,2021-04-01 09:53:00,15.8,1007.6,38,274,14.4,0.4,10016.9
51437,2021-04-01 09:53:00,24.7,1006.0,78,210,5.9,1.0,10453.2
51463,2021-04-01 09:53:00,2.6,1023.4,26,194,0.4,0.5,10030.8
51467,2021-04-01 09:53:00,14.2,1016.7,9,298,6.3,0.6,10045.1
51469,2021-04-01 09:53:00,6.8,1022.8,11,341,1.4,1.5,10125.7
51470,2021-04-01 09:53:00,27.9,1011.6,54,291,10.8,0.7,10336.6
51477,2021-04-01 09:53:00,11.1,1026.4,68,316,7.9,1.2,10106.0
51495,2021-04-01 09:53:00,21.2,1005.0,84,298,3.7,0.4,10323.1
51526,2021-04-01 09:53:00,23.3,1004.4,9,284,3.2,0.2,10348.1
51542,2021-04-01 09:53:00,8.0,1019.3,54,188,2.1,1.0,10131.0
51567,2021-04-01 09:53:00,12.8,1003.6,94,41,3.1,0.0,10283.8
51573,2021-04-01 09:53:00,19.7,1017.3,21,245,4.8,0.3,10035.4
51581,2021-04-01 09:53:00,9.2,1018.9,93,200,9.5,0.9,10157.4
51628,2021-04-01 09:53:00,6.7,1015.1,14,255,8.9,0.6,10050.8
51633,2021-04-01 09:53:00,3.1,1011.5,8,195,11.8,0.8,10460.5
51639,2021-04-01 09:53:00,28.7,1008.9,87,131,7.3,0.6,10021.4
51642,2021-04-01 09:53:00,10.9,1011.5,73,229,6.7,0.4,10133.9
51644,2021-04-01 09:53:00,30.9,1003.5,78,312,3.9,0.6,10065.7
51655,2021-04-01 09:53:00,2.1,1001.9,56,313,3.6,0.7,10439.3
51656,2021-04-01 09:53:00,14.2,1011.5,90,214,13.0,0.3,10173.7
51701,2021-04-01 09:53:00,3.8,1014.0,75,136,5.0,0.2,10108.6
51704,2021-04-01 09:53:00,24.4,1013.7,39,302,3.0,1.1,10164.9
51705,2021-04-01 09:53:00,4.2,1019.3,94,99,6.9,0.1,10325.2
51709,2021-04-01 09:53:00,29.4,1003.4,86,229,12.9,1.0,10453.3
51711,2021-04-01 09:53:00,29.9,1021.4,82,236,13.6,0.7,10380.5
51716,2021-04-01 09:53:00,28.1,1020.5,83,228,6.9,1.3,10391.8
51720,2021-04-01 09:53:00,15.6,1013.5,69,160,0.0,0.6,10206.3
51730,2021-04-01 09:53:00,17.2,1006.5,18,286,8.1,1.0,10186.6
51747,2021-04-01 09:53:00,26.5,1017.7,52,214,7.8,1.2,10396.3
51765,2021-04-01 09:53:00,16.7,1005.3,36,266,0.0,0.2,10382.4
51777,2021-04-01 09:53:00,30.1,1004.8,10,79,8.5,0.9,10324.3
51804,2021-04-01 09:53:00,33.6,1005.3,13,11,5.8,0.5,10394.0
51810,2021-04-01 09:53:00,20.3,1026.1,27,244,5.8,1.3,10244.4
51811,2021-04-01 09:53:00,17.3,1005.6,21,104,0.9,0.4,10048.4
51818,2021-04-01 09:53:00,24.1,1005.8,77,110,7.3,0.1,10355.0
51828,2021-04-01 09:53:00,21.0,1016.5,42,310,10.8,0.9,10201.7
51839,2021-04-01 09:53:00,18.3,1008.4,53,350,1.8,0.2,10243.3
51855,2021-04-01 09:53:00,25.6,1001.2,45,265,12.3,0.9,10006.9
51931,2021-04-01 09:53:00,20.9,1002.0,32,225,0.5,1.2,10063.9
52101,2021-04-01 09:53:00,2.8,1012.0,29,220,6.0,0.2,10366.4
52112,2021-04-01 09:53:00,27.5,1023.2,58,132,6.4,0.9,10124.5
52118,2021-04-01 09:53:00,34.0,1004.2,22,90,14.6,0.1,10451.7
52203,2021-04-01 09:53:00,10.8,1014.4,98,155,5.9,0.9,10117.6
52313,2021-04-01 09:53:00,3.5,1019.4,80,306,8.4,1.5,10223.8
56444,2021-04-01 09:53:00,32.9,1012.6,83,118,1.1,0.7,10026.6
56533,2021-04-01 09:53:00,3.6,1014.3,17,7,3.7,0.9,10060.8
56543,2021-04-01 09:53:00,12.6,1022.5,98,25,13.9,1.1,10359.4
56548,2021-04-01 09:53:00,29.5,1005.6,65,15,6.7,0.3,10017.3
56586,2021-04-01 09:53:00,7.9,1004.0,54,318,13.8,1.1,10452.3
56643,2021-04-01 09:53:00,33.2,1012.6,31,96,7.6,0.3,10344.0
56651,2021-04-01 09:53:00,8.4,1016.6,6,138,4.1,1.4,10497.3
56664,2021-04-01 09:53:00,8.5,1004.4,17,162,12.7,0.1,10051.3
56684,2021-04-01 09:53:00,17.3,1005.3,64,98,3.5,1.2,10188.1
56739,2021-04-01 09:53:00,30.6,1025.8,18,285,8.1,0.3,10492.2
56748,2021-04-01 09:53:00,19.7,1019.3,90,344,3.5,1.4,10359.5
56751,2021-04-01 09:53:00,32.9,1020.6,32,279,5.2,0.7,10106.8
56763,2021-04-01 09:53:00,0.6,1014.5,92,314,1.1,1.4,10067.0
56768,2021-04-01 09:53:00,22.9,1005.8,74,272,12.6,0.2,10050.7
56778,2021-04-01 09:53:00,30.4,1001.6,5,319,14.0,0.1,10051.7
56786,2021-04-01 09:53:00,11.0,1002.2,20,25,4.5,0.2,10124.5
56838,2021-04-01 09:53:00,27.4,1007.4,59,127,3.2,0.5,10090.5
56856,2021-04-01 09:53:00,25.3,1005.6,79,291,12.9,0.3,10303.3
56872,2021-04-01 09:53:00,8.8,1020.8,15,237,13.5,0.6,10276.2
56875,2021-04-01 09:53:00,27.6,1013.3,82,6,5.5,0.0,10265.3
56886,2021-04-01 09:53:00,19.0,1009.9,29,168,0.3,0.3,10047.6
56946,2021-04-01 09:53:00,29.4,1025.5,82,212,14.8,0.0,10192.9
56950,2021-04-01 09:53:00,12.7,1008.3,89,45,10.7,0.6,10247.9
56951,2021-04-01 09:53:00,16.7,1022.5,92,171,8.3,0.4,10218.4
56954,2021-04-01 09:53:00,5.6,1016.1,41,111,13.2,0.1,10089.5
56959,2021-04-01 09:53:00,3.7,1023.0,20,95,10.2,0.8,10174.8
56964,2021-04-01 09:53:00,29.0,1011.4,33,228,2.8,0.0,10327.1
56966,2021-04-01 09:53:00,25.3,1015.4,21,121,4.6,1.1,10214.9
56969,2021-04-01 09:53:00,17.2,1003.8,30,192,11.6,0.5,10492.5
56977,2021-04-01 09:53:00,24.9,1017.2,60,205,0.2,1.4,10173.2
56985,2021-04-01 09:53:00,29.1,1005.3,21,176,9.9,0.4,10486.6
56986,2021-04-01 09:53:00,13.1,1010.1,55,96,10.0,0.2,10157.7
56991,2021-04-01 09:53:00,29.4,1020.7,2,170,7.7,0.2,10256.4
59007,2021-04-01 09:53:00,10.1,1002.4,19,53,9.8,1.0,10353.2
58448,2021-04-01 09:53:00,6.2,1004.5,43,288,14.3,1.5,10086.4
58450,2021-04-01 09:53:00,21.1,1001.2,5,234,14.6,1.0,10324.2
58457,2021-04-01 09:53:00,21.6,1017.9,93,167,7.4,0.2,10385.3
58464,2021-04-01 09:53:00,12.4,1021.5,80,225,8.6,0.6,10081.5
58467,2021-04-01 09:53:00,23.6,1013.7,69,316,4.2,0.7,10434.6
58472,2021-04-01 09:53:00,2.8,1013.1,13,23,9.5,0.8,10108.6
58477,2021-04-01 09:53:00,31.6,1008.2,53,180,1.1,0.1,10019.1
58543,2021-04-01 09:53:00,0.7,1013.8,17,177,2.3,0.7,10215.8
58549,2021-04-01 09:53:00,17.1,1012.4,74,47,13.1,0.1,10402.4
58553,2021-04-01 09:53:00,10.2,1004.6,32,22,13.4,1.1,10050.8
58556,2021-04-01 09:53:00,28.7,1012.3,7,313,9.2,0.3,10046.1
58557,2021-04-01 09:53:00,3.2,1009.8,5,271,5.1,0.4,10426.7
58562,2021-04-01 09:53:00,28.2,1007.0,64,138,1.9,1.2,10192.0
58569,2021-04-01 09:53:00,4.9,1021.8,73,205,9.0,1.1,10316.5
58633,2021-04-01 09:53:00,8.3,1019.0,37,116,11.6,0.6,10412.4
58646,2021-04-01 09:53:00,21.4,1013.8,100,334,1.1,0.4,10372.0
58652,2021-04-01 09:53:00,28.5,1011.6,35,323,4.6,0.1,10404.1
58665,2021-04-01 09:53:00,23.5,1012.9,72,149,2.3,1.1,10024.1
58666,2021-04-01 09:53:00,18.6,1026.4,86,141,10.1,1.3,10132.6
58667,2021-04-01 09:53:00,3.5,1020.7,33,88,7.1,1.1,10455.3
58742,2021-04-01 09:53:00,25.1,1013.7,1,31,1.6,1.1,10233.2
58752,2021-04-01 09:53:00,27.6,1014.1,80,322,7.8,1.4,10162.4
58760,2021-04-01 09:53:00,5.6,1015.6,50,206,14.7,1.4,10314.0
57348,2021-04-01 09:53:00,20.1,1000.4,58,30,7.7,0.5,10362.9
57426,2021-04-01 09:53:00,2.9,1017.5,45,206,1.4,0.1,10122.7
57432,2021-04-01 09:53:00,2.4,1002.7,84,317,6.8,1.5,10273.9
57502,2021-04-01 09:53:00,16.5,1000.2,84,239,1.3,0.0,10323.3
57512,2021-04-01 09:53:00,23.6,1012.1,78,303,8.0,0.6,10351.6
57516,2021-04-01 09:53:00,24.7,1005.3,84,229,5.3,0.7,10495.1
57517,2021-04-01 09:53:00,25.0,1021.4,86,30,5.6,0.9,10376.1
57520,2021-04-01 09:53:00,30.2,1013.1,79,143,10.3,0.9,10359.1
57523,2021-04-01 09:53:00,23.5,1010.8,45,21,1.9,1.3,10054.6
57536,2021-04-01 09:53:00,0.3,1001.3,30,69,13.8,0.4,10443.8
57612,2021-04-01 09:53:00,0.3,1011.9,67,242,1.8,0.0,10250.7
57633,2021-04-01 09:53:00,11.1,1014.8,12,222,5.9,0.6,10444.3
